/Users/dtb73/Gudrun2014/Gudrun/run/NIMROD/NIMRODsilica/NIMRODsilicadata/NIMROD00001119.raw                                                                                                                                                                      
  No. of time channels =         3229
  No. of time channel boundaries =         3230
  Time channel boundaries (musec) :- 
  0.150000E+03  0.150312E+03  0.150625E+03  0.150938E+03  0.151250E+03
  0.151562E+03  0.151875E+03  0.152188E+03  0.152500E+03  0.152812E+03
  0.153125E+03  0.153438E+03  0.153750E+03  0.154062E+03  0.154375E+03
  0.154688E+03  0.155000E+03  0.155312E+03  0.155625E+03  0.155938E+03
  0.156250E+03  0.156562E+03  0.156875E+03  0.157188E+03  0.157500E+03
  0.157812E+03  0.158125E+03  0.158438E+03  0.158750E+03  0.159062E+03
  0.159375E+03  0.159688E+03  0.160000E+03  0.160312E+03  0.160625E+03
  0.160938E+03  0.161250E+03  0.161562E+03  0.161875E+03  0.162188E+03
  0.162500E+03  0.162812E+03  0.163125E+03  0.163438E+03  0.163750E+03
  0.164062E+03  0.164406E+03  0.164750E+03  0.165094E+03  0.165438E+03
  0.165781E+03  0.166125E+03  0.166469E+03  0.166812E+03  0.167156E+03
  0.167500E+03  0.167844E+03  0.168188E+03  0.168531E+03  0.168875E+03
  0.169219E+03  0.169562E+03  0.169906E+03  0.170250E+03  0.170594E+03
  0.170938E+03  0.171281E+03  0.171625E+03  0.171969E+03  0.172312E+03
  0.172656E+03  0.173000E+03  0.173344E+03  0.173688E+03  0.174031E+03
  0.174375E+03  0.174719E+03  0.175062E+03  0.175406E+03  0.175750E+03
  0.176094E+03  0.176438E+03  0.176781E+03  0.177125E+03  0.177469E+03
  0.177812E+03  0.178156E+03  0.178500E+03  0.178844E+03  0.179188E+03
  0.179531E+03  0.179875E+03  0.180250E+03  0.180625E+03  0.181000E+03
  0.181375E+03  0.181750E+03  0.182125E+03  0.182500E+03  0.182875E+03
  0.183250E+03  0.183625E+03  0.184000E+03  0.184375E+03  0.184750E+03
  0.185125E+03  0.185500E+03  0.185875E+03  0.186250E+03  0.186625E+03
  0.187000E+03  0.187375E+03  0.187750E+03  0.188125E+03  0.188500E+03
  0.188875E+03  0.189250E+03  0.189625E+03  0.190000E+03  0.190375E+03
  0.190750E+03  0.191125E+03  0.191500E+03  0.191875E+03  0.192250E+03
  0.192625E+03  0.193000E+03  0.193375E+03  0.193750E+03  0.194125E+03
  0.194500E+03  0.194875E+03  0.195250E+03  0.195625E+03  0.196031E+03
  0.196438E+03  0.196844E+03  0.197250E+03  0.197656E+03  0.198062E+03
  0.198469E+03  0.198875E+03  0.199281E+03  0.199688E+03  0.200094E+03
  0.200500E+03  0.200906E+03  0.201312E+03  0.201719E+03  0.202125E+03
  0.202531E+03  0.202938E+03  0.203344E+03  0.203750E+03  0.204156E+03
  0.204562E+03  0.204969E+03  0.205375E+03  0.205781E+03  0.206188E+03
  0.206594E+03  0.207000E+03  0.207406E+03  0.207812E+03  0.208219E+03
  0.208625E+03  0.209031E+03  0.209438E+03  0.209844E+03  0.210250E+03
  0.210656E+03  0.211062E+03  0.211500E+03  0.211938E+03  0.212375E+03
  0.212812E+03  0.213250E+03  0.213688E+03  0.214125E+03  0.214562E+03
  0.215000E+03  0.215438E+03  0.215875E+03  0.216312E+03  0.216750E+03
  0.217188E+03  0.217625E+03  0.218062E+03  0.218500E+03  0.218938E+03
  0.219375E+03  0.219812E+03  0.220250E+03  0.220688E+03  0.221125E+03
  0.221562E+03  0.222000E+03  0.222438E+03  0.222875E+03  0.223312E+03
  0.223750E+03  0.224188E+03  0.224625E+03  0.225062E+03  0.225500E+03
  0.225938E+03  0.226375E+03  0.226812E+03  0.227281E+03  0.227750E+03
  0.228219E+03  0.228688E+03  0.229156E+03  0.229625E+03  0.230094E+03
  0.230562E+03  0.231031E+03  0.231500E+03  0.231969E+03  0.232438E+03
  0.232906E+03  0.233375E+03  0.233844E+03  0.234312E+03  0.234781E+03
  0.235250E+03  0.235719E+03  0.236188E+03  0.236656E+03  0.237125E+03
  0.237594E+03  0.238062E+03  0.238531E+03  0.239000E+03  0.239469E+03
  0.239938E+03  0.240406E+03  0.240875E+03  0.241344E+03  0.241812E+03
  0.242281E+03  0.242781E+03  0.243281E+03  0.243781E+03  0.244281E+03
  0.244781E+03  0.245281E+03  0.245781E+03  0.246281E+03  0.246781E+03
  0.247281E+03  0.247781E+03  0.248281E+03  0.248781E+03  0.249281E+03
  0.249781E+03  0.250281E+03  0.250781E+03  0.251281E+03  0.251781E+03
  0.252281E+03  0.252781E+03  0.253281E+03  0.253781E+03  0.254281E+03
  0.254781E+03  0.255281E+03  0.255781E+03  0.256281E+03  0.256781E+03
  0.257281E+03  0.257781E+03  0.258281E+03  0.258812E+03  0.259344E+03
  0.259875E+03  0.260406E+03  0.260938E+03  0.261469E+03  0.262000E+03
  0.262531E+03  0.263062E+03  0.263594E+03  0.264125E+03  0.264656E+03
  0.265188E+03  0.265719E+03  0.266250E+03  0.266781E+03  0.267312E+03
  0.267844E+03  0.268375E+03  0.268906E+03  0.269438E+03  0.269969E+03
  0.270500E+03  0.271031E+03  0.271562E+03  0.272094E+03  0.272625E+03
  0.273156E+03  0.273688E+03  0.274250E+03  0.274812E+03  0.275375E+03
  0.275938E+03  0.276500E+03  0.277062E+03  0.277625E+03  0.278188E+03
  0.278750E+03  0.279312E+03  0.279875E+03  0.280438E+03  0.281000E+03
  0.281562E+03  0.282125E+03  0.282688E+03  0.283250E+03  0.283812E+03
  0.284375E+03  0.284938E+03  0.285500E+03  0.286062E+03  0.286625E+03
  0.287188E+03  0.287750E+03  0.288312E+03  0.288875E+03  0.289438E+03
  0.290031E+03  0.290625E+03  0.291219E+03  0.291812E+03  0.292406E+03
  0.293000E+03  0.293594E+03  0.294188E+03  0.294781E+03  0.295375E+03
  0.295969E+03  0.296562E+03  0.297156E+03  0.297750E+03  0.298344E+03
  0.298938E+03  0.299531E+03  0.300125E+03  0.300719E+03  0.301312E+03
  0.301906E+03  0.302500E+03  0.303094E+03  0.303688E+03  0.304281E+03
  0.304875E+03  0.305500E+03  0.306125E+03  0.306750E+03  0.307375E+03
  0.308000E+03  0.308625E+03  0.309250E+03  0.309875E+03  0.310500E+03
  0.311125E+03  0.311750E+03  0.312375E+03  0.313000E+03  0.313625E+03
  0.314250E+03  0.314875E+03  0.315500E+03  0.316125E+03  0.316750E+03
  0.317375E+03  0.318000E+03  0.318625E+03  0.319250E+03  0.319875E+03
  0.320500E+03  0.321156E+03  0.321812E+03  0.322469E+03  0.323125E+03
  0.323781E+03  0.324438E+03  0.325094E+03  0.325750E+03  0.326406E+03
  0.327062E+03  0.327719E+03  0.328375E+03  0.329031E+03  0.329688E+03
  0.330344E+03  0.331000E+03  0.331656E+03  0.332312E+03  0.332969E+03
  0.333625E+03  0.334281E+03  0.334938E+03  0.335594E+03  0.336250E+03
  0.336938E+03  0.337625E+03  0.338312E+03  0.339000E+03  0.339688E+03
  0.340375E+03  0.341062E+03  0.341750E+03  0.342438E+03  0.343125E+03
  0.343812E+03  0.344500E+03  0.345188E+03  0.345875E+03  0.346562E+03
  0.347250E+03  0.347938E+03  0.348625E+03  0.349312E+03  0.350000E+03
  0.350688E+03  0.351375E+03  0.352062E+03  0.352781E+03  0.353500E+03
  0.354219E+03  0.354938E+03  0.355656E+03  0.356375E+03  0.357094E+03
  0.357812E+03  0.358531E+03  0.359250E+03  0.359969E+03  0.360688E+03
  0.361406E+03  0.362125E+03  0.362844E+03  0.363562E+03  0.364281E+03
  0.365000E+03  0.365719E+03  0.366438E+03  0.367156E+03  0.367875E+03
  0.368625E+03  0.369375E+03  0.370125E+03  0.370875E+03  0.371625E+03
  0.372375E+03  0.373125E+03  0.373875E+03  0.374625E+03  0.375375E+03
  0.376125E+03  0.376875E+03  0.377625E+03  0.378375E+03  0.379125E+03
  0.379875E+03  0.380625E+03  0.381375E+03  0.382125E+03  0.382875E+03
  0.383656E+03  0.384438E+03  0.385219E+03  0.386000E+03  0.386781E+03
  0.387562E+03  0.388344E+03  0.389125E+03  0.389906E+03  0.390688E+03
  0.391469E+03  0.392250E+03  0.393031E+03  0.393812E+03  0.394594E+03
  0.395375E+03  0.396156E+03  0.396938E+03  0.397719E+03  0.398500E+03
  0.399312E+03  0.400125E+03  0.400938E+03  0.401750E+03  0.402562E+03
  0.403375E+03  0.404188E+03  0.405000E+03  0.405812E+03  0.406625E+03
  0.407438E+03  0.408250E+03  0.409062E+03  0.409875E+03  0.410688E+03
  0.411500E+03  0.412312E+03  0.413125E+03  0.413938E+03  0.414750E+03
  0.415594E+03  0.416438E+03  0.417281E+03  0.418125E+03  0.418969E+03
  0.419812E+03  0.420656E+03  0.421500E+03  0.422344E+03  0.423188E+03
  0.424031E+03  0.424875E+03  0.425719E+03  0.426562E+03  0.427406E+03
  0.428250E+03  0.429094E+03  0.429938E+03  0.430812E+03  0.431688E+03
  0.432562E+03  0.433438E+03  0.434312E+03  0.435188E+03  0.436062E+03
  0.436938E+03  0.437812E+03  0.438688E+03  0.439562E+03  0.440438E+03
  0.441312E+03  0.442188E+03  0.443062E+03  0.443938E+03  0.444812E+03
  0.445688E+03  0.446594E+03  0.447500E+03  0.448406E+03  0.449312E+03
  0.450219E+03  0.451125E+03  0.452031E+03  0.452938E+03  0.453844E+03
  0.454750E+03  0.455656E+03  0.456562E+03  0.457469E+03  0.458375E+03
  0.459281E+03  0.460188E+03  0.461094E+03  0.462031E+03  0.462969E+03
  0.463906E+03  0.464844E+03  0.465781E+03  0.466719E+03  0.467656E+03
  0.468594E+03  0.469531E+03  0.470469E+03  0.471406E+03  0.472344E+03
  0.473281E+03  0.474219E+03  0.475156E+03  0.476094E+03  0.477031E+03
  0.478000E+03  0.478969E+03  0.479938E+03  0.480906E+03  0.481875E+03
  0.482844E+03  0.483812E+03  0.484781E+03  0.485750E+03  0.486719E+03
  0.487688E+03  0.488656E+03  0.489625E+03  0.490594E+03  0.491562E+03
  0.492531E+03  0.493531E+03  0.494531E+03  0.495531E+03  0.496531E+03
  0.497531E+03  0.498531E+03  0.499531E+03  0.500531E+03  0.501531E+03
  0.502531E+03  0.503531E+03  0.504531E+03  0.505531E+03  0.506531E+03
  0.507531E+03  0.508531E+03  0.509562E+03  0.510594E+03  0.511625E+03
  0.512656E+03  0.513688E+03  0.514719E+03  0.515750E+03  0.516781E+03
  0.517812E+03  0.518844E+03  0.519875E+03  0.520906E+03  0.521938E+03
  0.522969E+03  0.524000E+03  0.525062E+03  0.526125E+03  0.527188E+03
  0.528250E+03  0.529312E+03  0.530375E+03  0.531438E+03  0.532500E+03
  0.533562E+03  0.534625E+03  0.535688E+03  0.536750E+03  0.537812E+03
  0.538875E+03  0.539938E+03  0.541031E+03  0.542125E+03  0.543219E+03
  0.544312E+03  0.545406E+03  0.546500E+03  0.547594E+03  0.548688E+03
  0.549781E+03  0.550875E+03  0.551969E+03  0.553062E+03  0.554156E+03
  0.555250E+03  0.556375E+03  0.557500E+03  0.558625E+03  0.559750E+03
  0.560875E+03  0.562000E+03  0.563125E+03  0.564250E+03  0.565375E+03
  0.566500E+03  0.567625E+03  0.568750E+03  0.569875E+03  0.571000E+03
  0.572156E+03  0.573312E+03  0.574469E+03  0.575625E+03  0.576781E+03
  0.577938E+03  0.579094E+03  0.580250E+03  0.581406E+03  0.582562E+03
  0.583719E+03  0.584875E+03  0.586031E+03  0.587219E+03  0.588406E+03
  0.589594E+03  0.590781E+03  0.591969E+03  0.593156E+03  0.594344E+03
  0.595531E+03  0.596719E+03  0.597906E+03  0.599094E+03  0.600281E+03
  0.601469E+03  0.602656E+03  0.603875E+03  0.605094E+03  0.606312E+03
  0.607531E+03  0.608750E+03  0.609969E+03  0.611188E+03  0.612406E+03
  0.613625E+03  0.614844E+03  0.616062E+03  0.617281E+03  0.618531E+03
  0.619781E+03  0.621031E+03  0.622281E+03  0.623531E+03  0.624781E+03
  0.626031E+03  0.627281E+03  0.628531E+03  0.629781E+03  0.631031E+03
  0.632281E+03  0.633531E+03  0.634812E+03  0.636094E+03  0.637375E+03
  0.638656E+03  0.639938E+03  0.641219E+03  0.642500E+03  0.643781E+03
  0.645062E+03  0.646344E+03  0.647625E+03  0.648906E+03  0.650219E+03
  0.651531E+03  0.652844E+03  0.654156E+03  0.655469E+03  0.656781E+03
  0.658094E+03  0.659406E+03  0.660719E+03  0.662031E+03  0.663344E+03
  0.664656E+03  0.666000E+03  0.667344E+03  0.668688E+03  0.670031E+03
  0.671375E+03  0.672719E+03  0.674062E+03  0.675406E+03  0.676750E+03
  0.678094E+03  0.679438E+03  0.680781E+03  0.682156E+03  0.683531E+03
  0.684906E+03  0.686281E+03  0.687656E+03  0.689031E+03  0.690406E+03
  0.691781E+03  0.693156E+03  0.694531E+03  0.695906E+03  0.697312E+03
  0.698719E+03  0.700125E+03  0.701531E+03  0.702938E+03  0.704344E+03
  0.705750E+03  0.707156E+03  0.708562E+03  0.709969E+03  0.711375E+03
  0.712812E+03  0.714250E+03  0.715688E+03  0.717125E+03  0.718562E+03
  0.720000E+03  0.721438E+03  0.722875E+03  0.724312E+03  0.725750E+03
  0.727188E+03  0.728656E+03  0.730125E+03  0.731594E+03  0.733062E+03
  0.734531E+03  0.736000E+03  0.737469E+03  0.738938E+03  0.740406E+03
  0.741875E+03  0.743344E+03  0.744844E+03  0.746344E+03  0.747844E+03
  0.749344E+03  0.750844E+03  0.752344E+03  0.753844E+03  0.755344E+03
  0.756844E+03  0.758344E+03  0.759875E+03  0.761406E+03  0.762938E+03
  0.764469E+03  0.766000E+03  0.767531E+03  0.769062E+03  0.770594E+03
  0.772125E+03  0.773656E+03  0.775219E+03  0.776781E+03  0.778344E+03
  0.779906E+03  0.781469E+03  0.783031E+03  0.784594E+03  0.786156E+03
  0.787719E+03  0.789281E+03  0.790875E+03  0.792469E+03  0.794062E+03
  0.795656E+03  0.797250E+03  0.798844E+03  0.800438E+03  0.802031E+03
  0.803625E+03  0.805219E+03  0.806844E+03  0.808469E+03  0.810094E+03
  0.811719E+03  0.813344E+03  0.814969E+03  0.816594E+03  0.818219E+03
  0.819844E+03  0.821469E+03  0.823125E+03  0.824781E+03  0.826438E+03
  0.828094E+03  0.829750E+03  0.831406E+03  0.833062E+03  0.834719E+03
  0.836375E+03  0.838062E+03  0.839750E+03  0.841438E+03  0.843125E+03
  0.844812E+03  0.846500E+03  0.848188E+03  0.849875E+03  0.851562E+03
  0.853281E+03  0.855000E+03  0.856719E+03  0.858438E+03  0.860156E+03
  0.861875E+03  0.863594E+03  0.865312E+03  0.867031E+03  0.868750E+03
  0.870500E+03  0.872250E+03  0.874000E+03  0.875750E+03  0.877500E+03
  0.879250E+03  0.881000E+03  0.882750E+03  0.884500E+03  0.886281E+03
  0.888062E+03  0.889844E+03  0.891625E+03  0.893406E+03  0.895188E+03
  0.896969E+03  0.898750E+03  0.900562E+03  0.902375E+03  0.904188E+03
  0.906000E+03  0.907812E+03  0.909625E+03  0.911438E+03  0.913250E+03
  0.915062E+03  0.916906E+03  0.918750E+03  0.920594E+03  0.922438E+03
  0.924281E+03  0.926125E+03  0.927969E+03  0.929812E+03  0.931688E+03
  0.933562E+03  0.935438E+03  0.937312E+03  0.939188E+03  0.941062E+03
  0.942938E+03  0.944812E+03  0.946688E+03  0.948594E+03  0.950500E+03
  0.952406E+03  0.954312E+03  0.956219E+03  0.958125E+03  0.960031E+03
  0.961938E+03  0.963875E+03  0.965812E+03  0.967750E+03  0.969688E+03
  0.971625E+03  0.973562E+03  0.975500E+03  0.977438E+03  0.979406E+03
  0.981375E+03  0.983344E+03  0.985312E+03  0.987281E+03  0.989250E+03
  0.991219E+03  0.993188E+03  0.995188E+03  0.997188E+03  0.999188E+03
  0.100119E+04  0.100319E+04  0.100519E+04  0.100719E+04  0.100919E+04
  0.101122E+04  0.101325E+04  0.101528E+04  0.101731E+04  0.101934E+04
  0.102138E+04  0.102341E+04  0.102544E+04  0.102750E+04  0.102956E+04
  0.103162E+04  0.103369E+04  0.103575E+04  0.103781E+04  0.103988E+04
  0.104197E+04  0.104406E+04  0.104616E+04  0.104825E+04  0.105034E+04
  0.105244E+04  0.105453E+04  0.105662E+04  0.105875E+04  0.106088E+04
  0.106300E+04  0.106512E+04  0.106725E+04  0.106938E+04  0.107150E+04
  0.107366E+04  0.107581E+04  0.107797E+04  0.108012E+04  0.108228E+04
  0.108444E+04  0.108659E+04  0.108878E+04  0.109097E+04  0.109316E+04
  0.109534E+04  0.109753E+04  0.109972E+04  0.110191E+04  0.110412E+04
  0.110634E+04  0.110856E+04  0.111078E+04  0.111300E+04  0.111522E+04
  0.111744E+04  0.111969E+04  0.112194E+04  0.112419E+04  0.112644E+04
  0.112869E+04  0.113094E+04  0.113319E+04  0.113547E+04  0.113775E+04
  0.114003E+04  0.114231E+04  0.114459E+04  0.114688E+04  0.114916E+04
  0.115147E+04  0.115378E+04  0.115609E+04  0.115841E+04  0.116072E+04
  0.116303E+04  0.116534E+04  0.116769E+04  0.117003E+04  0.117238E+04
  0.117472E+04  0.117706E+04  0.117941E+04  0.118175E+04  0.118412E+04
  0.118650E+04  0.118888E+04  0.119125E+04  0.119362E+04  0.119600E+04
  0.119841E+04  0.120081E+04  0.120322E+04  0.120562E+04  0.120803E+04
  0.121044E+04  0.121284E+04  0.121528E+04  0.121772E+04  0.122016E+04
  0.122259E+04  0.122503E+04  0.122747E+04  0.122994E+04  0.123241E+04
  0.123488E+04  0.123734E+04  0.123981E+04  0.124228E+04  0.124478E+04
  0.124728E+04  0.124978E+04  0.125228E+04  0.125478E+04  0.125728E+04
  0.125978E+04  0.126231E+04  0.126484E+04  0.126738E+04  0.126991E+04
  0.127244E+04  0.127497E+04  0.127753E+04  0.128009E+04  0.128266E+04
  0.128522E+04  0.128778E+04  0.129034E+04  0.129294E+04  0.129553E+04
  0.129812E+04  0.130072E+04  0.130331E+04  0.130591E+04  0.130853E+04
  0.131116E+04  0.131378E+04  0.131641E+04  0.131903E+04  0.132166E+04
  0.132431E+04  0.132697E+04  0.132962E+04  0.133228E+04  0.133494E+04
  0.133759E+04  0.134028E+04  0.134297E+04  0.134566E+04  0.134834E+04
  0.135103E+04  0.135372E+04  0.135644E+04  0.135916E+04  0.136188E+04
  0.136459E+04  0.136731E+04  0.137006E+04  0.137281E+04  0.137556E+04
  0.137831E+04  0.138106E+04  0.138381E+04  0.138659E+04  0.138938E+04
  0.139216E+04  0.139494E+04  0.139772E+04  0.140050E+04  0.140331E+04
  0.140612E+04  0.140894E+04  0.141175E+04  0.141456E+04  0.141741E+04
  0.142025E+04  0.142309E+04  0.142594E+04  0.142878E+04  0.143162E+04
  0.143450E+04  0.143738E+04  0.144025E+04  0.144312E+04  0.144600E+04
  0.144891E+04  0.145181E+04  0.145472E+04  0.145762E+04  0.146053E+04
  0.146344E+04  0.146638E+04  0.146931E+04  0.147225E+04  0.147519E+04
  0.147812E+04  0.148109E+04  0.148406E+04  0.148703E+04  0.149000E+04
  0.149297E+04  0.149597E+04  0.149897E+04  0.150197E+04  0.150497E+04
  0.150797E+04  0.151100E+04  0.151403E+04  0.151706E+04  0.152009E+04
  0.152312E+04  0.152616E+04  0.152922E+04  0.153228E+04  0.153534E+04
  0.153841E+04  0.154147E+04  0.154456E+04  0.154766E+04  0.155075E+04
  0.155384E+04  0.155694E+04  0.156006E+04  0.156319E+04  0.156631E+04
  0.156944E+04  0.157256E+04  0.157572E+04  0.157888E+04  0.158203E+04
  0.158519E+04  0.158834E+04  0.159153E+04  0.159472E+04  0.159791E+04
  0.160109E+04  0.160428E+04  0.160750E+04  0.161072E+04  0.161394E+04
  0.161716E+04  0.162038E+04  0.162362E+04  0.162688E+04  0.163012E+04
  0.163338E+04  0.163666E+04  0.163994E+04  0.164322E+04  0.164650E+04
  0.164978E+04  0.165309E+04  0.165641E+04  0.165972E+04  0.166303E+04
  0.166634E+04  0.166969E+04  0.167303E+04  0.167638E+04  0.167972E+04
  0.168309E+04  0.168647E+04  0.168984E+04  0.169322E+04  0.169659E+04
  0.170000E+04  0.170341E+04  0.170681E+04  0.171022E+04  0.171362E+04
  0.171706E+04  0.172050E+04  0.172394E+04  0.172738E+04  0.173084E+04
  0.173431E+04  0.173778E+04  0.174125E+04  0.174472E+04  0.174822E+04
  0.175172E+04  0.175522E+04  0.175872E+04  0.176225E+04  0.176578E+04
  0.176931E+04  0.177284E+04  0.177638E+04  0.177994E+04  0.178350E+04
  0.178706E+04  0.179062E+04  0.179422E+04  0.179781E+04  0.180141E+04
  0.180500E+04  0.180862E+04  0.181225E+04  0.181588E+04  0.181950E+04
  0.182312E+04  0.182678E+04  0.183044E+04  0.183409E+04  0.183775E+04
  0.184144E+04  0.184512E+04  0.184881E+04  0.185250E+04  0.185622E+04
  0.185994E+04  0.186366E+04  0.186738E+04  0.187112E+04  0.187488E+04
  0.187862E+04  0.188238E+04  0.188612E+04  0.188991E+04  0.189369E+04
  0.189747E+04  0.190125E+04  0.190506E+04  0.190888E+04  0.191269E+04
  0.191650E+04  0.192034E+04  0.192419E+04  0.192803E+04  0.193188E+04
  0.193575E+04  0.193962E+04  0.194350E+04  0.194738E+04  0.195128E+04
  0.195519E+04  0.195909E+04  0.196300E+04  0.196694E+04  0.197088E+04
  0.197481E+04  0.197875E+04  0.198272E+04  0.198669E+04  0.199066E+04
  0.199462E+04  0.199862E+04  0.200262E+04  0.200662E+04  0.201062E+04
  0.201466E+04  0.201869E+04  0.202272E+04  0.202675E+04  0.203081E+04
  0.203488E+04  0.203894E+04  0.204300E+04  0.204709E+04  0.205119E+04
  0.205528E+04  0.205941E+04  0.206353E+04  0.206766E+04  0.207178E+04
  0.207594E+04  0.208009E+04  0.208425E+04  0.208841E+04  0.209259E+04
  0.209678E+04  0.210097E+04  0.210516E+04  0.210938E+04  0.211359E+04
  0.211781E+04  0.212206E+04  0.212631E+04  0.213056E+04  0.213481E+04
  0.213909E+04  0.214338E+04  0.214766E+04  0.215194E+04  0.215625E+04
  0.216056E+04  0.216488E+04  0.216922E+04  0.217356E+04  0.217791E+04
  0.218225E+04  0.218662E+04  0.219100E+04  0.219538E+04  0.219978E+04
  0.220419E+04  0.220859E+04  0.221300E+04  0.221744E+04  0.222188E+04
  0.222631E+04  0.223075E+04  0.223522E+04  0.223969E+04  0.224416E+04
  0.224866E+04  0.225316E+04  0.225766E+04  0.226216E+04  0.226669E+04
  0.227122E+04  0.227575E+04  0.228031E+04  0.228488E+04  0.228944E+04
  0.229403E+04  0.229862E+04  0.230322E+04  0.230781E+04  0.231244E+04
  0.231706E+04  0.232169E+04  0.232634E+04  0.233100E+04  0.233566E+04
  0.234031E+04  0.234500E+04  0.234969E+04  0.235438E+04  0.235909E+04
  0.236381E+04  0.236853E+04  0.237328E+04  0.237803E+04  0.238278E+04
  0.238756E+04  0.239234E+04  0.239712E+04  0.240191E+04  0.240672E+04
  0.241153E+04  0.241634E+04  0.242119E+04  0.242603E+04  0.243088E+04
  0.243575E+04  0.244062E+04  0.244550E+04  0.245041E+04  0.245531E+04
  0.246022E+04  0.246512E+04  0.247006E+04  0.247500E+04  0.247994E+04
  0.248491E+04  0.248988E+04  0.249484E+04  0.249984E+04  0.250484E+04
  0.250984E+04  0.251488E+04  0.251991E+04  0.252494E+04  0.253000E+04
  0.253506E+04  0.254012E+04  0.254522E+04  0.255031E+04  0.255541E+04
  0.256053E+04  0.256566E+04  0.257078E+04  0.257594E+04  0.258109E+04
  0.258625E+04  0.259144E+04  0.259662E+04  0.260181E+04  0.260703E+04
  0.261225E+04  0.261747E+04  0.262272E+04  0.262797E+04  0.263322E+04
  0.263850E+04  0.264378E+04  0.264906E+04  0.265438E+04  0.265969E+04
  0.266500E+04  0.267034E+04  0.267569E+04  0.268103E+04  0.268641E+04
  0.269178E+04  0.269716E+04  0.270256E+04  0.270797E+04  0.271338E+04
  0.271881E+04  0.272425E+04  0.272969E+04  0.273516E+04  0.274062E+04
  0.274609E+04  0.275159E+04  0.275709E+04  0.276259E+04  0.276812E+04
  0.277366E+04  0.277922E+04  0.278478E+04  0.279034E+04  0.279594E+04
  0.280153E+04  0.280712E+04  0.281275E+04  0.281838E+04  0.282400E+04
  0.282966E+04  0.283531E+04  0.284097E+04  0.284666E+04  0.285234E+04
  0.285806E+04  0.286378E+04  0.286950E+04  0.287525E+04  0.288100E+04
  0.288675E+04  0.289253E+04  0.289831E+04  0.290409E+04  0.290991E+04
  0.291572E+04  0.292156E+04  0.292741E+04  0.293325E+04  0.293912E+04
  0.294500E+04  0.295088E+04  0.295678E+04  0.296269E+04  0.296862E+04
  0.297456E+04  0.298050E+04  0.298647E+04  0.299244E+04  0.299844E+04
  0.300444E+04  0.301044E+04  0.301647E+04  0.302250E+04  0.302853E+04
  0.303459E+04  0.304066E+04  0.304675E+04  0.305284E+04  0.305894E+04
  0.306506E+04  0.307119E+04  0.307734E+04  0.308350E+04  0.308966E+04
  0.309584E+04  0.310203E+04  0.310825E+04  0.311447E+04  0.312069E+04
  0.312694E+04  0.313319E+04  0.313947E+04  0.314575E+04  0.315203E+04
  0.315834E+04  0.316466E+04  0.317100E+04  0.317734E+04  0.318369E+04
  0.319006E+04  0.319644E+04  0.320284E+04  0.320925E+04  0.321566E+04
  0.322209E+04  0.322853E+04  0.323500E+04  0.324147E+04  0.324794E+04
  0.325444E+04  0.326094E+04  0.326747E+04  0.327400E+04  0.328056E+04
  0.328712E+04  0.329369E+04  0.330028E+04  0.330688E+04  0.331350E+04
  0.332012E+04  0.332675E+04  0.333341E+04  0.334006E+04  0.334675E+04
  0.335344E+04  0.336016E+04  0.336688E+04  0.337359E+04  0.338034E+04
  0.338709E+04  0.339388E+04  0.340066E+04  0.340747E+04  0.341428E+04
  0.342112E+04  0.342797E+04  0.343481E+04  0.344169E+04  0.344856E+04
  0.345547E+04  0.346238E+04  0.346931E+04  0.347625E+04  0.348319E+04
  0.349016E+04  0.349712E+04  0.350412E+04  0.351112E+04  0.351816E+04
  0.352519E+04  0.353225E+04  0.353931E+04  0.354641E+04  0.355350E+04
  0.356059E+04  0.356772E+04  0.357484E+04  0.358200E+04  0.358916E+04
  0.359634E+04  0.360353E+04  0.361075E+04  0.361797E+04  0.362522E+04
  0.363247E+04  0.363972E+04  0.364700E+04  0.365428E+04  0.366159E+04
  0.366891E+04  0.367625E+04  0.368359E+04  0.369097E+04  0.369834E+04
  0.370575E+04  0.371316E+04  0.372059E+04  0.372803E+04  0.373550E+04
  0.374297E+04  0.375047E+04  0.375797E+04  0.376550E+04  0.377303E+04
  0.378056E+04  0.378812E+04  0.379569E+04  0.380328E+04  0.381088E+04
  0.381850E+04  0.382612E+04  0.383378E+04  0.384144E+04  0.384912E+04
  0.385681E+04  0.386453E+04  0.387225E+04  0.388000E+04  0.388775E+04
  0.389553E+04  0.390331E+04  0.391112E+04  0.391894E+04  0.392678E+04
  0.393462E+04  0.394250E+04  0.395038E+04  0.395828E+04  0.396619E+04
  0.397412E+04  0.398206E+04  0.399003E+04  0.399800E+04  0.400600E+04
  0.401400E+04  0.402203E+04  0.403006E+04  0.403812E+04  0.404619E+04
  0.405428E+04  0.406238E+04  0.407050E+04  0.407866E+04  0.408681E+04
  0.409500E+04  0.410319E+04  0.411141E+04  0.411962E+04  0.412788E+04
  0.413612E+04  0.414441E+04  0.415269E+04  0.416100E+04  0.416931E+04
  0.417766E+04  0.418600E+04  0.419438E+04  0.420275E+04  0.421116E+04
  0.421959E+04  0.422803E+04  0.423650E+04  0.424497E+04  0.425347E+04
  0.426197E+04  0.427050E+04  0.427903E+04  0.428759E+04  0.429616E+04
  0.430475E+04  0.431338E+04  0.432200E+04  0.433066E+04  0.433931E+04
  0.434800E+04  0.435669E+04  0.436541E+04  0.437412E+04  0.438288E+04
  0.439166E+04  0.440044E+04  0.440925E+04  0.441806E+04  0.442691E+04
  0.443575E+04  0.444462E+04  0.445350E+04  0.446241E+04  0.447134E+04
  0.448028E+04  0.448925E+04  0.449822E+04  0.450722E+04  0.451622E+04
  0.452525E+04  0.453431E+04  0.454338E+04  0.455247E+04  0.456156E+04
  0.457069E+04  0.457984E+04  0.458900E+04  0.459819E+04  0.460738E+04
  0.461659E+04  0.462581E+04  0.463506E+04  0.464434E+04  0.465362E+04
  0.466294E+04  0.467225E+04  0.468159E+04  0.469097E+04  0.470034E+04
  0.470975E+04  0.471916E+04  0.472859E+04  0.473806E+04  0.474753E+04
  0.475703E+04  0.476653E+04  0.477606E+04  0.478562E+04  0.479519E+04
  0.480478E+04  0.481441E+04  0.482403E+04  0.483369E+04  0.484334E+04
  0.485303E+04  0.486275E+04  0.487247E+04  0.488222E+04  0.489197E+04
  0.490175E+04  0.491156E+04  0.492138E+04  0.493122E+04  0.494109E+04
  0.495097E+04  0.496088E+04  0.497081E+04  0.498075E+04  0.499072E+04
  0.500069E+04  0.501069E+04  0.502072E+04  0.503075E+04  0.504081E+04
  0.505091E+04  0.506100E+04  0.507112E+04  0.508128E+04  0.509144E+04
  0.510162E+04  0.511184E+04  0.512206E+04  0.513231E+04  0.514256E+04
  0.515284E+04  0.516316E+04  0.517347E+04  0.518381E+04  0.519419E+04
  0.520456E+04  0.521497E+04  0.522541E+04  0.523584E+04  0.524631E+04
  0.525681E+04  0.526731E+04  0.527784E+04  0.528841E+04  0.529897E+04
  0.530956E+04  0.532019E+04  0.533081E+04  0.534147E+04  0.535216E+04
  0.536288E+04  0.537359E+04  0.538434E+04  0.539512E+04  0.540591E+04
  0.541672E+04  0.542756E+04  0.543841E+04  0.544928E+04  0.546019E+04
  0.547109E+04  0.548203E+04  0.549300E+04  0.550400E+04  0.551500E+04
  0.552603E+04  0.553709E+04  0.554816E+04  0.555925E+04  0.557038E+04
  0.558153E+04  0.559269E+04  0.560388E+04  0.561509E+04  0.562631E+04
  0.563756E+04  0.564884E+04  0.566016E+04  0.567147E+04  0.568281E+04
  0.569419E+04  0.570556E+04  0.571697E+04  0.572841E+04  0.573988E+04
  0.575134E+04  0.576284E+04  0.577438E+04  0.578594E+04  0.579750E+04
  0.580909E+04  0.582072E+04  0.583238E+04  0.584403E+04  0.585572E+04
  0.586744E+04  0.587919E+04  0.589094E+04  0.590272E+04  0.591453E+04
  0.592638E+04  0.593822E+04  0.595009E+04  0.596200E+04  0.597394E+04
  0.598588E+04  0.599784E+04  0.600984E+04  0.602188E+04  0.603391E+04
  0.604597E+04  0.605806E+04  0.607019E+04  0.608231E+04  0.609447E+04
  0.610666E+04  0.611888E+04  0.613112E+04  0.614338E+04  0.615566E+04
  0.616797E+04  0.618031E+04  0.619269E+04  0.620506E+04  0.621747E+04
  0.622991E+04  0.624238E+04  0.625488E+04  0.626738E+04  0.627991E+04
  0.629247E+04  0.630506E+04  0.631769E+04  0.633031E+04  0.634297E+04
  0.635566E+04  0.636838E+04  0.638112E+04  0.639388E+04  0.640666E+04
  0.641947E+04  0.643231E+04  0.644519E+04  0.645806E+04  0.647097E+04
  0.648391E+04  0.649688E+04  0.650988E+04  0.652291E+04  0.653594E+04
  0.654900E+04  0.656209E+04  0.657522E+04  0.658838E+04  0.660156E+04
  0.661478E+04  0.662800E+04  0.664125E+04  0.665453E+04  0.666784E+04
  0.668119E+04  0.669456E+04  0.670794E+04  0.672134E+04  0.673478E+04
  0.674825E+04  0.676175E+04  0.677528E+04  0.678884E+04  0.680241E+04
  0.681600E+04  0.682962E+04  0.684328E+04  0.685697E+04  0.687069E+04
  0.688444E+04  0.689822E+04  0.691200E+04  0.692581E+04  0.693966E+04
  0.695353E+04  0.696744E+04  0.698138E+04  0.699534E+04  0.700934E+04
  0.702338E+04  0.703744E+04  0.705150E+04  0.706559E+04  0.707972E+04
  0.709388E+04  0.710806E+04  0.712228E+04  0.713653E+04  0.715081E+04
  0.716512E+04  0.717947E+04  0.719381E+04  0.720819E+04  0.722259E+04
  0.723703E+04  0.725150E+04  0.726600E+04  0.728053E+04  0.729509E+04
  0.730969E+04  0.732431E+04  0.733897E+04  0.735366E+04  0.736838E+04
  0.738312E+04  0.739791E+04  0.741269E+04  0.742750E+04  0.744234E+04
  0.745722E+04  0.747212E+04  0.748706E+04  0.750203E+04  0.751703E+04
  0.753206E+04  0.754712E+04  0.756222E+04  0.757734E+04  0.759250E+04
  0.760769E+04  0.762291E+04  0.763816E+04  0.765344E+04  0.766875E+04
  0.768409E+04  0.769947E+04  0.771488E+04  0.773031E+04  0.774578E+04
  0.776128E+04  0.777681E+04  0.779238E+04  0.780797E+04  0.782359E+04
  0.783925E+04  0.785494E+04  0.787066E+04  0.788641E+04  0.790219E+04
  0.791800E+04  0.793384E+04  0.794972E+04  0.796562E+04  0.798156E+04
  0.799753E+04  0.801353E+04  0.802956E+04  0.804562E+04  0.806172E+04
  0.807784E+04  0.809400E+04  0.811019E+04  0.812641E+04  0.814266E+04
  0.815894E+04  0.817525E+04  0.819159E+04  0.820797E+04  0.822438E+04
  0.824081E+04  0.825728E+04  0.827378E+04  0.829034E+04  0.830694E+04
  0.832356E+04  0.834022E+04  0.835691E+04  0.837362E+04  0.839038E+04
  0.840716E+04  0.842397E+04  0.844081E+04  0.845769E+04  0.847459E+04
  0.849153E+04  0.850850E+04  0.852553E+04  0.854259E+04  0.855969E+04
  0.857681E+04  0.859397E+04  0.861116E+04  0.862838E+04  0.864562E+04
  0.866291E+04  0.868022E+04  0.869759E+04  0.871500E+04  0.873244E+04
  0.874991E+04  0.876741E+04  0.878494E+04  0.880250E+04  0.882009E+04
  0.883775E+04  0.885544E+04  0.887316E+04  0.889091E+04  0.890869E+04
  0.892650E+04  0.894434E+04  0.896222E+04  0.898016E+04  0.899812E+04
  0.901612E+04  0.903416E+04  0.905222E+04  0.907031E+04  0.908847E+04
  0.910666E+04  0.912488E+04  0.914312E+04  0.916141E+04  0.917972E+04
  0.919809E+04  0.921650E+04  0.923494E+04  0.925341E+04  0.927191E+04
  0.929044E+04  0.930903E+04  0.932766E+04  0.934631E+04  0.936500E+04
  0.938372E+04  0.940250E+04  0.942131E+04  0.944016E+04  0.945903E+04
  0.947794E+04  0.949691E+04  0.951591E+04  0.953494E+04  0.955400E+04
  0.957309E+04  0.959225E+04  0.961144E+04  0.963066E+04  0.964991E+04
  0.966922E+04  0.968856E+04  0.970794E+04  0.972734E+04  0.974681E+04
  0.976631E+04  0.978584E+04  0.980541E+04  0.982503E+04  0.984469E+04
  0.986438E+04  0.988409E+04  0.990388E+04  0.992369E+04  0.994353E+04
  0.996341E+04  0.998334E+04  0.100033E+05  0.100233E+05  0.100434E+05
  0.100635E+05  0.100836E+05  0.101038E+05  0.101240E+05  0.101442E+05
  0.101645E+05  0.101848E+05  0.102052E+05  0.102256E+05  0.102461E+05
  0.102666E+05  0.102871E+05  0.103077E+05  0.103283E+05  0.103489E+05
  0.103696E+05  0.103904E+05  0.104112E+05  0.104320E+05  0.104528E+05
  0.104738E+05  0.104947E+05  0.105157E+05  0.105367E+05  0.105578E+05
  0.105789E+05  0.106001E+05  0.106212E+05  0.106425E+05  0.106638E+05
  0.106851E+05  0.107065E+05  0.107279E+05  0.107493E+05  0.107708E+05
  0.107924E+05  0.108140E+05  0.108356E+05  0.108572E+05  0.108790E+05
  0.109007E+05  0.109225E+05  0.109444E+05  0.109662E+05  0.109882E+05
  0.110102E+05  0.110322E+05  0.110542E+05  0.110763E+05  0.110985E+05
  0.111207E+05  0.111429E+05  0.111652E+05  0.111876E+05  0.112099E+05
  0.112323E+05  0.112548E+05  0.112773E+05  0.112999E+05  0.113225E+05
  0.113451E+05  0.113678E+05  0.113906E+05  0.114133E+05  0.114362E+05
  0.114590E+05  0.114819E+05  0.115049E+05  0.115279E+05  0.115510E+05
  0.115741E+05  0.115972E+05  0.116204E+05  0.116437E+05  0.116669E+05
  0.116903E+05  0.117137E+05  0.117371E+05  0.117606E+05  0.117841E+05
  0.118077E+05  0.118313E+05  0.118549E+05  0.118787E+05  0.119024E+05
  0.119262E+05  0.119501E+05  0.119740E+05  0.119979E+05  0.120219E+05
  0.120459E+05  0.120700E+05  0.120942E+05  0.121183E+05  0.121426E+05
  0.121669E+05  0.121912E+05  0.122156E+05  0.122400E+05  0.122645E+05
  0.122890E+05  0.123136E+05  0.123382E+05  0.123629E+05  0.123877E+05
  0.124124E+05  0.124372E+05  0.124621E+05  0.124871E+05  0.125120E+05
  0.125371E+05  0.125621E+05  0.125872E+05  0.126124E+05  0.126377E+05
  0.126629E+05  0.126882E+05  0.127136E+05  0.127391E+05  0.127645E+05
  0.127901E+05  0.128157E+05  0.128413E+05  0.128670E+05  0.128927E+05
  0.129185E+05  0.129443E+05  0.129702E+05  0.129962E+05  0.130222E+05
  0.130482E+05  0.130743E+05  0.131004E+05  0.131266E+05  0.131529E+05
  0.131792E+05  0.132055E+05  0.132319E+05  0.132584E+05  0.132849E+05
  0.133115E+05  0.133381E+05  0.133648E+05  0.133915E+05  0.134183E+05
  0.134452E+05  0.134721E+05  0.134990E+05  0.135260E+05  0.135531E+05
  0.135802E+05  0.136073E+05  0.136345E+05  0.136618E+05  0.136891E+05
  0.137165E+05  0.137439E+05  0.137714E+05  0.137990E+05  0.138266E+05
  0.138542E+05  0.138819E+05  0.139097E+05  0.139375E+05  0.139654E+05
  0.139933E+05  0.140213E+05  0.140493E+05  0.140774E+05  0.141056E+05
  0.141338E+05  0.141621E+05  0.141904E+05  0.142188E+05  0.142472E+05
  0.142757E+05  0.143043E+05  0.143329E+05  0.143615E+05  0.143902E+05
  0.144190E+05  0.144479E+05  0.144768E+05  0.145058E+05  0.145348E+05
  0.145638E+05  0.145929E+05  0.146221E+05  0.146514E+05  0.146807E+05
  0.147101E+05  0.147395E+05  0.147689E+05  0.147985E+05  0.148281E+05
  0.148577E+05  0.148874E+05  0.149172E+05  0.149471E+05  0.149770E+05
  0.150069E+05  0.150369E+05  0.150670E+05  0.150971E+05  0.151273E+05
  0.151576E+05  0.151879E+05  0.152182E+05  0.152487E+05  0.152792E+05
  0.153098E+05  0.153404E+05  0.153711E+05  0.154018E+05  0.154326E+05
  0.154635E+05  0.154944E+05  0.155254E+05  0.155565E+05  0.155876E+05
  0.156188E+05  0.156501E+05  0.156814E+05  0.157128E+05  0.157442E+05
  0.157757E+05  0.158072E+05  0.158389E+05  0.158706E+05  0.159023E+05
  0.159341E+05  0.159660E+05  0.159979E+05  0.160299E+05  0.160620E+05
  0.160941E+05  0.161263E+05  0.161586E+05  0.161909E+05  0.162232E+05
  0.162557E+05  0.162882E+05  0.163208E+05  0.163534E+05  0.163861E+05
  0.164189E+05  0.164518E+05  0.164847E+05  0.165176E+05  0.165507E+05
  0.165838E+05  0.166169E+05  0.166502E+05  0.166835E+05  0.167168E+05
  0.167503E+05  0.167838E+05  0.168173E+05  0.168510E+05  0.168847E+05
  0.169184E+05  0.169523E+05  0.169862E+05  0.170202E+05  0.170542E+05
  0.170883E+05  0.171225E+05  0.171567E+05  0.171910E+05  0.172254E+05
  0.172598E+05  0.172944E+05  0.173290E+05  0.173636E+05  0.173983E+05
  0.174332E+05  0.174680E+05  0.175030E+05  0.175380E+05  0.175730E+05
  0.176082E+05  0.176434E+05  0.176787E+05  0.177140E+05  0.177495E+05
  0.177850E+05  0.178205E+05  0.178562E+05  0.178919E+05  0.179277E+05
  0.179635E+05  0.179995E+05  0.180355E+05  0.180715E+05  0.181077E+05
  0.181439E+05  0.181802E+05  0.182166E+05  0.182530E+05  0.182895E+05
  0.183261E+05  0.183628E+05  0.183995E+05  0.184363E+05  0.184732E+05
  0.185101E+05  0.185471E+05  0.185842E+05  0.186214E+05  0.186586E+05
  0.186959E+05  0.187333E+05  0.187708E+05  0.188083E+05  0.188460E+05
  0.188837E+05  0.189214E+05  0.189593E+05  0.189972E+05  0.190352E+05
  0.190732E+05  0.191114E+05  0.191496E+05  0.191879E+05  0.192263E+05
  0.192648E+05  0.193033E+05  0.193419E+05  0.193806E+05  0.194193E+05
  0.194582E+05  0.194971E+05  0.195361E+05  0.195752E+05  0.196143E+05
  0.196535E+05  0.196928E+05  0.197322E+05  0.197717E+05  0.198112E+05
  0.198508E+05  0.198905E+05  0.199303E+05  0.199702E+05  0.200101E+05
  0.200502E+05  0.200902E+05  0.201304E+05  0.201707E+05  0.202110E+05
  0.202515E+05  0.202920E+05  0.203326E+05  0.203732E+05  0.204140E+05
  0.204548E+05  0.204957E+05  0.205367E+05  0.205778E+05  0.206189E+05
  0.206602E+05  0.207015E+05  0.207429E+05  0.207844E+05  0.208260E+05
  0.208676E+05  0.209094E+05  0.209512E+05  0.209931E+05  0.210351E+05
  0.210772E+05  0.211193E+05  0.211616E+05  0.212039E+05  0.212463E+05
  0.212888E+05  0.213314E+05  0.213740E+05  0.214168E+05  0.214596E+05
  0.215025E+05  0.215455E+05  0.215886E+05  0.216318E+05  0.216751E+05
  0.217184E+05  0.217618E+05  0.218054E+05  0.218490E+05  0.218927E+05
  0.219365E+05  0.219803E+05  0.220243E+05  0.220684E+05  0.221125E+05
  0.221567E+05  0.222010E+05  0.222454E+05  0.222899E+05  0.223345E+05
  0.223792E+05  0.224239E+05  0.224688E+05  0.225137E+05  0.225588E+05
  0.226039E+05  0.226491E+05  0.226944E+05  0.227398E+05  0.227852E+05
  0.228308E+05  0.228765E+05  0.229222E+05  0.229681E+05  0.230140E+05
  0.230600E+05  0.231062E+05  0.231524E+05  0.231987E+05  0.232451E+05
  0.232916E+05  0.233382E+05  0.233849E+05  0.234317E+05  0.234785E+05
  0.235255E+05  0.235726E+05  0.236197E+05  0.236670E+05  0.237143E+05
  0.237618E+05  0.238093E+05  0.238569E+05  0.239046E+05  0.239524E+05
  0.240003E+05  0.240483E+05  0.240964E+05  0.241446E+05  0.241929E+05
  0.242413E+05  0.242898E+05  0.243383E+05  0.243870E+05  0.244358E+05
  0.244847E+05  0.245337E+05  0.245827E+05  0.246319E+05  0.246811E+05
  0.247305E+05  0.247800E+05  0.248295E+05  0.248792E+05  0.249289E+05
  0.249788E+05  0.250288E+05  0.250788E+05  0.251290E+05  0.251792E+05
  0.252296E+05  0.252801E+05  0.253306E+05  0.253813E+05  0.254320E+05
  0.254829E+05  0.255339E+05  0.255849E+05  0.256361E+05  0.256874E+05
  0.257388E+05  0.257902E+05  0.258418E+05  0.258935E+05  0.259453E+05
  0.259972E+05  0.260492E+05  0.261013E+05  0.261535E+05  0.262058E+05
  0.262582E+05  0.263108E+05  0.263634E+05  0.264161E+05  0.264689E+05
  0.265219E+05  0.265749E+05  0.266281E+05  0.266813E+05  0.267347E+05
  0.267882E+05  0.268417E+05  0.268954E+05  0.269492E+05  0.270031E+05
  0.270571E+05  0.271112E+05  0.271654E+05  0.272198E+05  0.272742E+05
  0.273288E+05  0.273834E+05  0.274382E+05  0.274931E+05  0.275481E+05
  0.276032E+05  0.276584E+05  0.277137E+05  0.277692E+05  0.278247E+05
  0.278803E+05  0.279361E+05  0.279920E+05  0.280480E+05  0.281041E+05
  0.281603E+05  0.282166E+05  0.282730E+05  0.283296E+05  0.283862E+05
  0.284430E+05  0.284999E+05  0.285569E+05  0.286140E+05  0.286712E+05
  0.287286E+05  0.287861E+05  0.288436E+05  0.289013E+05  0.289591E+05
  0.290170E+05  0.290751E+05  0.291332E+05  0.291915E+05  0.292499E+05
  0.293084E+05  0.293670E+05  0.294258E+05  0.294846E+05  0.295436E+05
  0.296027E+05  0.296619E+05  0.297212E+05  0.297806E+05  0.298402E+05
  0.298999E+05  0.299597E+05  0.300196E+05  0.300796E+05  0.301398E+05
  0.302001E+05  0.302605E+05  0.303210E+05  0.303817E+05  0.304424E+05
  0.305033E+05  0.305643E+05  0.306254E+05  0.306867E+05  0.307480E+05
  0.308095E+05  0.308712E+05  0.309329E+05  0.309948E+05  0.310568E+05
  0.311189E+05  0.311812E+05  0.312435E+05  0.313060E+05  0.313687E+05
  0.314314E+05  0.314943E+05  0.315573E+05  0.316204E+05  0.316837E+05
  0.317470E+05  0.318105E+05  0.318742E+05  0.319379E+05  0.320018E+05
  0.320658E+05  0.321299E+05  0.321942E+05  0.322585E+05  0.323231E+05
  0.323877E+05  0.324525E+05  0.325174E+05  0.325824E+05  0.326476E+05
  0.327129E+05  0.327783E+05  0.328439E+05  0.329096E+05  0.329754E+05
  0.330413E+05  0.331074E+05  0.331736E+05  0.332400E+05  0.333064E+05
  0.333731E+05  0.334398E+05  0.335067E+05  0.335737E+05  0.336408E+05
  0.337081E+05  0.337755E+05  0.338431E+05  0.339108E+05  0.339786E+05
  0.340466E+05  0.341147E+05  0.341829E+05  0.342512E+05  0.343198E+05
  0.343884E+05  0.344572E+05  0.345261E+05  0.345952E+05  0.346643E+05
  0.347337E+05  0.348032E+05  0.348728E+05  0.349425E+05  0.350124E+05
  0.350824E+05  0.351526E+05  0.352229E+05  0.352933E+05  0.353639E+05
  0.354346E+05  0.355055E+05  0.355765E+05  0.356477E+05  0.357190E+05
  0.357904E+05  0.358620E+05  0.359337E+05  0.360056E+05  0.360776E+05
  0.361498E+05  0.362221E+05  0.362945E+05  0.363671E+05  0.364398E+05
  0.365127E+05  0.365858E+05  0.366589E+05  0.367322E+05  0.368057E+05
  0.368793E+05  0.369531E+05  0.370270E+05  0.371011E+05  0.371753E+05
  0.372496E+05  0.373241E+05  0.373988E+05  0.374736E+05  0.375485E+05
  0.376236E+05  0.376989E+05  0.377743E+05  0.378498E+05  0.379255E+05
  0.380014E+05  0.380774E+05  0.381535E+05  0.382298E+05  0.383063E+05
  0.383829E+05  0.384597E+05  0.385366E+05  0.386137E+05  0.386909E+05
  0.387683E+05  0.388458E+05  0.389235E+05  0.390013E+05  0.390793E+05
  0.391575E+05  0.392358E+05  0.393143E+05  0.393929E+05  0.394717E+05
  0.395506E+05  0.396297E+05  0.397090E+05  0.397884E+05  0.398680E+05
  0.399477E+05  0.400276E+05  0.401077E+05  0.401879E+05  0.402683E+05
  0.403488E+05  0.404295E+05  0.405104E+05  0.405914E+05  0.406726E+05
  0.407539E+05  0.408354E+05  0.409171E+05  0.409990E+05  0.410810E+05
  0.411631E+05  0.412455E+05  0.413280E+05  0.414106E+05  0.414934E+05
  0.415764E+05  0.416596E+05  0.417429E+05  0.418264E+05  0.419101E+05
  0.419939E+05  0.420779E+05  0.421620E+05  0.422463E+05  0.423308E+05
  0.424155E+05  0.425003E+05  0.425853E+05  0.426705E+05  0.427559E+05
  0.428414E+05  0.429271E+05  0.430129E+05  0.430989E+05  0.431851E+05
  0.432715E+05  0.433580E+05  0.434448E+05  0.435317E+05  0.436187E+05
  0.437060E+05  0.437934E+05  0.438810E+05  0.439687E+05  0.440567E+05
  0.441448E+05  0.442331E+05  0.443215E+05  0.444102E+05  0.444990E+05
  0.445880E+05  0.446772E+05  0.447665E+05  0.448561E+05  0.449458E+05
  0.450357E+05  0.451258E+05  0.452160E+05  0.453064E+05  0.453971E+05
  0.454878E+05  0.455788E+05  0.456700E+05  0.457613E+05  0.458528E+05
  0.459446E+05  0.460365E+05  0.461285E+05  0.462208E+05  0.463132E+05
  0.464058E+05  0.464987E+05  0.465917E+05  0.466848E+05  0.467782E+05
  0.468718E+05  0.469655E+05  0.470595E+05  0.471536E+05  0.472479E+05
  0.473424E+05  0.474371E+05  0.475320E+05  0.476270E+05  0.477223E+05
  0.478177E+05  0.479133E+05  0.480092E+05  0.481052E+05  0.482014E+05
  0.482978E+05  0.483944E+05  0.484912E+05  0.485882E+05  0.486854E+05
  0.487828E+05  0.488803E+05  0.489781E+05  0.490761E+05  0.491742E+05
  0.492726E+05  0.493711E+05  0.494699E+05  0.495688E+05  0.496679E+05
  0.497673E+05  0.498668E+05  0.499666E+05  0.500665E+05  0.501666E+05
  0.502670E+05  0.503675E+05  0.504682E+05  0.505692E+05  0.506703E+05
  0.507717E+05  0.508732E+05  0.509749E+05  0.510769E+05  0.511790E+05
  0.512814E+05  0.513840E+05  0.514868E+05  0.515897E+05  0.516929E+05
  0.517963E+05  0.518999E+05  0.520037E+05  0.521077E+05  0.522119E+05
  0.523163E+05  0.524210E+05  0.525258E+05  0.526309E+05  0.527361E+05
  0.528416E+05  0.529473E+05  0.530532E+05  0.531593E+05  0.532656E+05
  0.533721E+05  0.534789E+05  0.535858E+05  0.536930E+05  0.538004E+05
  0.539080E+05  0.540158E+05  0.541238E+05  0.542321E+05  0.543406E+05
  0.544492E+05  0.545582E+05  0.546673E+05  0.547766E+05  0.548862E+05
  0.549960E+05  0.551060E+05  0.552162E+05  0.553266E+05  0.554373E+05
  0.555482E+05  0.556592E+05  0.557706E+05  0.558821E+05  0.559939E+05
  0.561059E+05  0.562181E+05  0.563305E+05  0.564432E+05  0.565561E+05
  0.566692E+05  0.567825E+05  0.568961E+05  0.570099E+05  0.571239E+05
  0.572382E+05  0.573526E+05  0.574673E+05  0.575823E+05  0.576974E+05
  0.578128E+05  0.579285E+05  0.580443E+05  0.581604E+05  0.582767E+05
  0.583933E+05  0.585101E+05  0.586271E+05  0.587443E+05  0.588618E+05
  0.589796E+05  0.590975E+05  0.592157E+05  0.593342E+05  0.594528E+05
  0.595717E+05  0.596909E+05  0.598102E+05  0.599299E+05  0.600498E+05
  0.601698E+05  0.602902E+05  0.604108E+05  0.605316E+05  0.606527E+05
  0.607740E+05  0.608955E+05  0.610173E+05  0.611393E+05  0.612616E+05
  0.613842E+05  0.615069E+05  0.616300E+05  0.617532E+05  0.618767E+05
  0.620005E+05  0.621245E+05  0.622487E+05  0.623732E+05  0.624980E+05
  0.626230E+05  0.627482E+05  0.628737E+05  0.629995E+05  0.631255E+05
  0.632517E+05  0.633782E+05  0.635050E+05  0.636320E+05  0.637592E+05
  0.638868E+05  0.640146E+05  0.641426E+05  0.642709E+05  0.643994E+05
  0.645282E+05  0.646573E+05  0.647866E+05  0.649162E+05  0.650460E+05
  0.651761E+05  0.653064E+05  0.654371E+05  0.655679E+05  0.656991E+05
  0.658305E+05  0.659621E+05  0.660941E+05  0.662262E+05  0.663587E+05
  0.664914E+05  0.666244E+05  0.667577E+05  0.668912E+05  0.670250E+05
  0.671591E+05  0.672934E+05  0.674280E+05  0.675628E+05  0.676980E+05
  0.678334E+05  0.679690E+05  0.681050E+05  0.682412E+05  0.683777E+05
  0.685144E+05  0.686515E+05  0.687888E+05  0.689264E+05  0.690642E+05
  0.692023E+05  0.693408E+05  0.694794E+05  0.696184E+05  0.697577E+05
  0.698972E+05  0.700370E+05  0.701771E+05  0.703174E+05  0.704580E+05
  0.705989E+05  0.707401E+05  0.708816E+05  0.710234E+05  0.711654E+05
  0.713078E+05  0.714504E+05  0.715933E+05  0.717365E+05  0.718800E+05
  0.720237E+05  0.721678E+05  0.723121E+05  0.724568E+05  0.726017E+05
  0.727469E+05  0.728924E+05  0.730382E+05  0.731842E+05  0.733306E+05
  0.734773E+05  0.736242E+05  0.737715E+05  0.739191E+05  0.740669E+05
  0.742150E+05  0.743635E+05  0.745122E+05  0.746612E+05  0.748105E+05
  0.749602E+05  0.751101E+05  0.752603E+05  0.754108E+05  0.755617E+05
  0.757128E+05  0.758642E+05  0.760159E+05  0.761680E+05  0.763203E+05
  0.764730E+05  0.766259E+05  0.767792E+05  0.769327E+05  0.770866E+05
  0.772408E+05  0.773953E+05  0.775501E+05  0.777052E+05  0.778606E+05
  0.780163E+05  0.781723E+05  0.783287E+05  0.784853E+05  0.786423E+05
  0.787996E+05  0.789572E+05  0.791151E+05  0.792733E+05  0.794318E+05
  0.795907E+05  0.797499E+05  0.799094E+05  0.800692E+05  0.802294E+05
  0.803898E+05  0.805506E+05  0.807117E+05  0.808732E+05  0.810349E+05
  0.811970E+05  0.813594E+05  0.815221E+05  0.816852E+05  0.818485E+05
  0.820122E+05  0.821762E+05  0.823406E+05  0.825053E+05  0.826703E+05
  0.828356E+05  0.830013E+05  0.831673E+05  0.833337E+05  0.835003E+05
  0.836673E+05  0.838347E+05  0.840023E+05  0.841703E+05  0.843387E+05
  0.845074E+05  0.846764E+05  0.848458E+05  0.850154E+05  0.851855E+05
  0.853558E+05  0.855266E+05  0.856976E+05  0.858690E+05  0.860408E+05
  0.862129E+05  0.863853E+05  0.865581E+05  0.867312E+05  0.869047E+05
  0.870785E+05  0.872527E+05  0.874272E+05  0.876020E+05  0.877772E+05
  0.879528E+05  0.881287E+05  0.883049E+05  0.884816E+05  0.886585E+05
  0.888358E+05  0.890135E+05  0.891916E+05  0.893699E+05  0.895487E+05
  0.897278E+05  0.899072E+05  0.900871E+05  0.902672E+05  0.904478E+05
  0.906287E+05  0.908099E+05  0.909916E+05  0.911736E+05  0.913559E+05
  0.915386E+05  0.917217E+05  0.919052E+05  0.920890E+05  0.922732E+05
  0.924577E+05  0.926426E+05  0.928279E+05  0.930136E+05  0.931996E+05
  0.933860E+05  0.935728E+05  0.937599E+05  0.939475E+05  0.941354E+05
  0.943237E+05  0.945123E+05  0.947013E+05  0.948908E+05  0.950000E+05
  Time channel widths (musec) :- 
  0.312500E+00  0.312500E+00  0.312500E+00  0.312500E+00  0.312500E+00
  0.312500E+00  0.312500E+00  0.312500E+00  0.312500E+00  0.312500E+00
  0.312500E+00  0.312500E+00  0.312500E+00  0.312500E+00  0.312500E+00
  0.312500E+00  0.312500E+00  0.312500E+00  0.312500E+00  0.312500E+00
  0.312500E+00  0.312500E+00  0.312500E+00  0.312500E+00  0.312500E+00
  0.312500E+00  0.312500E+00  0.312500E+00  0.312500E+00  0.312500E+00
  0.312500E+00  0.312500E+00  0.312500E+00  0.312500E+00  0.312500E+00
  0.312500E+00  0.312500E+00  0.312500E+00  0.312500E+00  0.312500E+00
  0.312500E+00  0.312500E+00  0.312500E+00  0.312500E+00  0.312500E+00
  0.343750E+00  0.343750E+00  0.343750E+00  0.343750E+00  0.343750E+00
  0.343750E+00  0.343750E+00  0.343750E+00  0.343750E+00  0.343750E+00
  0.343750E+00  0.343750E+00  0.343750E+00  0.343750E+00  0.343750E+00
  0.343750E+00  0.343750E+00  0.343750E+00  0.343750E+00  0.343750E+00
  0.343750E+00  0.343750E+00  0.343750E+00  0.343750E+00  0.343750E+00
  0.343750E+00  0.343750E+00  0.343750E+00  0.343750E+00  0.343750E+00
  0.343750E+00  0.343750E+00  0.343750E+00  0.343750E+00  0.343750E+00
  0.343750E+00  0.343750E+00  0.343750E+00  0.343750E+00  0.343750E+00
  0.343750E+00  0.343750E+00  0.343750E+00  0.343750E+00  0.343750E+00
  0.343750E+00  0.375000E+00  0.375000E+00  0.375000E+00  0.375000E+00
  0.375000E+00  0.375000E+00  0.375000E+00  0.375000E+00  0.375000E+00
  0.375000E+00  0.375000E+00  0.375000E+00  0.375000E+00  0.375000E+00
  0.375000E+00  0.375000E+00  0.375000E+00  0.375000E+00  0.375000E+00
  0.375000E+00  0.375000E+00  0.375000E+00  0.375000E+00  0.375000E+00
  0.375000E+00  0.375000E+00  0.375000E+00  0.375000E+00  0.375000E+00
  0.375000E+00  0.375000E+00  0.375000E+00  0.375000E+00  0.375000E+00
  0.375000E+00  0.375000E+00  0.375000E+00  0.375000E+00  0.375000E+00
  0.375000E+00  0.375000E+00  0.375000E+00  0.406250E+00  0.406250E+00
  0.406250E+00  0.406250E+00  0.406250E+00  0.406250E+00  0.406250E+00
  0.406250E+00  0.406250E+00  0.406250E+00  0.406250E+00  0.406250E+00
  0.406250E+00  0.406250E+00  0.406250E+00  0.406250E+00  0.406250E+00
  0.406250E+00  0.406250E+00  0.406250E+00  0.406250E+00  0.406250E+00
  0.406250E+00  0.406250E+00  0.406250E+00  0.406250E+00  0.406250E+00
  0.406250E+00  0.406250E+00  0.406250E+00  0.406250E+00  0.406250E+00
  0.406250E+00  0.406250E+00  0.406250E+00  0.406250E+00  0.406250E+00
  0.406250E+00  0.437500E+00  0.437500E+00  0.437500E+00  0.437500E+00
  0.437500E+00  0.437500E+00  0.437500E+00  0.437500E+00  0.437500E+00
  0.437500E+00  0.437500E+00  0.437500E+00  0.437500E+00  0.437500E+00
  0.437500E+00  0.437500E+00  0.437500E+00  0.437500E+00  0.437500E+00
  0.437500E+00  0.437500E+00  0.437500E+00  0.437500E+00  0.437500E+00
  0.437500E+00  0.437500E+00  0.437500E+00  0.437500E+00  0.437500E+00
  0.437500E+00  0.437500E+00  0.437500E+00  0.437500E+00  0.437500E+00
  0.437500E+00  0.437500E+00  0.468750E+00  0.468750E+00  0.468750E+00
  0.468750E+00  0.468750E+00  0.468750E+00  0.468750E+00  0.468750E+00
  0.468750E+00  0.468750E+00  0.468750E+00  0.468750E+00  0.468750E+00
  0.468750E+00  0.468750E+00  0.468750E+00  0.468750E+00  0.468750E+00
  0.468750E+00  0.468750E+00  0.468750E+00  0.468750E+00  0.468750E+00
  0.468750E+00  0.468750E+00  0.468750E+00  0.468750E+00  0.468750E+00
  0.468750E+00  0.468750E+00  0.468750E+00  0.468750E+00  0.468750E+00
  0.500000E+00  0.500000E+00  0.500000E+00  0.500000E+00  0.500000E+00
  0.500000E+00  0.500000E+00  0.500000E+00  0.500000E+00  0.500000E+00
  0.500000E+00  0.500000E+00  0.500000E+00  0.500000E+00  0.500000E+00
  0.500000E+00  0.500000E+00  0.500000E+00  0.500000E+00  0.500000E+00
  0.500000E+00  0.500000E+00  0.500000E+00  0.500000E+00  0.500000E+00
  0.500000E+00  0.500000E+00  0.500000E+00  0.500000E+00  0.500000E+00
  0.500000E+00  0.500000E+00  0.531250E+00  0.531250E+00  0.531250E+00
  0.531250E+00  0.531250E+00  0.531250E+00  0.531250E+00  0.531250E+00
  0.531250E+00  0.531250E+00  0.531250E+00  0.531250E+00  0.531250E+00
  0.531250E+00  0.531250E+00  0.531250E+00  0.531250E+00  0.531250E+00
  0.531250E+00  0.531250E+00  0.531250E+00  0.531250E+00  0.531250E+00
  0.531250E+00  0.531250E+00  0.531250E+00  0.531250E+00  0.531250E+00
  0.531250E+00  0.562500E+00  0.562500E+00  0.562500E+00  0.562500E+00
  0.562500E+00  0.562500E+00  0.562500E+00  0.562500E+00  0.562500E+00
  0.562500E+00  0.562500E+00  0.562500E+00  0.562500E+00  0.562500E+00
  0.562500E+00  0.562500E+00  0.562500E+00  0.562500E+00  0.562500E+00
  0.562500E+00  0.562500E+00  0.562500E+00  0.562500E+00  0.562500E+00
  0.562500E+00  0.562500E+00  0.562500E+00  0.562500E+00  0.593750E+00
  0.593750E+00  0.593750E+00  0.593750E+00  0.593750E+00  0.593750E+00
  0.593750E+00  0.593750E+00  0.593750E+00  0.593750E+00  0.593750E+00
  0.593750E+00  0.593750E+00  0.593750E+00  0.593750E+00  0.593750E+00
  0.593750E+00  0.593750E+00  0.593750E+00  0.593750E+00  0.593750E+00
  0.593750E+00  0.593750E+00  0.593750E+00  0.593750E+00  0.593750E+00
  0.625000E+00  0.625000E+00  0.625000E+00  0.625000E+00  0.625000E+00
  0.625000E+00  0.625000E+00  0.625000E+00  0.625000E+00  0.625000E+00
  0.625000E+00  0.625000E+00  0.625000E+00  0.625000E+00  0.625000E+00
  0.625000E+00  0.625000E+00  0.625000E+00  0.625000E+00  0.625000E+00
  0.625000E+00  0.625000E+00  0.625000E+00  0.625000E+00  0.625000E+00
  0.656250E+00  0.656250E+00  0.656250E+00  0.656250E+00  0.656250E+00
  0.656250E+00  0.656250E+00  0.656250E+00  0.656250E+00  0.656250E+00
  0.656250E+00  0.656250E+00  0.656250E+00  0.656250E+00  0.656250E+00
  0.656250E+00  0.656250E+00  0.656250E+00  0.656250E+00  0.656250E+00
  0.656250E+00  0.656250E+00  0.656250E+00  0.656250E+00  0.687500E+00
  0.687500E+00  0.687500E+00  0.687500E+00  0.687500E+00  0.687500E+00
  0.687500E+00  0.687500E+00  0.687500E+00  0.687500E+00  0.687500E+00
  0.687500E+00  0.687500E+00  0.687500E+00  0.687500E+00  0.687500E+00
  0.687500E+00  0.687500E+00  0.687500E+00  0.687500E+00  0.687500E+00
  0.687500E+00  0.687500E+00  0.718750E+00  0.718750E+00  0.718750E+00
  0.718750E+00  0.718750E+00  0.718750E+00  0.718750E+00  0.718750E+00
  0.718750E+00  0.718750E+00  0.718750E+00  0.718750E+00  0.718750E+00
  0.718750E+00  0.718750E+00  0.718750E+00  0.718750E+00  0.718750E+00
  0.718750E+00  0.718750E+00  0.718750E+00  0.718750E+00  0.750000E+00
  0.750000E+00  0.750000E+00  0.750000E+00  0.750000E+00  0.750000E+00
  0.750000E+00  0.750000E+00  0.750000E+00  0.750000E+00  0.750000E+00
  0.750000E+00  0.750000E+00  0.750000E+00  0.750000E+00  0.750000E+00
  0.750000E+00  0.750000E+00  0.750000E+00  0.750000E+00  0.781250E+00
  0.781250E+00  0.781250E+00  0.781250E+00  0.781250E+00  0.781250E+00
  0.781250E+00  0.781250E+00  0.781250E+00  0.781250E+00  0.781250E+00
  0.781250E+00  0.781250E+00  0.781250E+00  0.781250E+00  0.781250E+00
  0.781250E+00  0.781250E+00  0.781250E+00  0.781250E+00  0.812500E+00
  0.812500E+00  0.812500E+00  0.812500E+00  0.812500E+00  0.812500E+00
  0.812500E+00  0.812500E+00  0.812500E+00  0.812500E+00  0.812500E+00
  0.812500E+00  0.812500E+00  0.812500E+00  0.812500E+00  0.812500E+00
  0.812500E+00  0.812500E+00  0.812500E+00  0.812500E+00  0.843750E+00
  0.843750E+00  0.843750E+00  0.843750E+00  0.843750E+00  0.843750E+00
  0.843750E+00  0.843750E+00  0.843750E+00  0.843750E+00  0.843750E+00
  0.843750E+00  0.843750E+00  0.843750E+00  0.843750E+00  0.843750E+00
  0.843750E+00  0.843750E+00  0.875000E+00  0.875000E+00  0.875000E+00
  0.875000E+00  0.875000E+00  0.875000E+00  0.875000E+00  0.875000E+00
  0.875000E+00  0.875000E+00  0.875000E+00  0.875000E+00  0.875000E+00
  0.875000E+00  0.875000E+00  0.875000E+00  0.875000E+00  0.875000E+00
  0.906250E+00  0.906250E+00  0.906250E+00  0.906250E+00  0.906250E+00
  0.906250E+00  0.906250E+00  0.906250E+00  0.906250E+00  0.906250E+00
  0.906250E+00  0.906250E+00  0.906250E+00  0.906250E+00  0.906250E+00
  0.906250E+00  0.906250E+00  0.937500E+00  0.937500E+00  0.937500E+00
  0.937500E+00  0.937500E+00  0.937500E+00  0.937500E+00  0.937500E+00
  0.937500E+00  0.937500E+00  0.937500E+00  0.937500E+00  0.937500E+00
  0.937500E+00  0.937500E+00  0.937500E+00  0.937500E+00  0.968750E+00
  0.968750E+00  0.968750E+00  0.968750E+00  0.968750E+00  0.968750E+00
  0.968750E+00  0.968750E+00  0.968750E+00  0.968750E+00  0.968750E+00
  0.968750E+00  0.968750E+00  0.968750E+00  0.968750E+00  0.968750E+00
  0.100000E+01  0.100000E+01  0.100000E+01  0.100000E+01  0.100000E+01
  0.100000E+01  0.100000E+01  0.100000E+01  0.100000E+01  0.100000E+01
  0.100000E+01  0.100000E+01  0.100000E+01  0.100000E+01  0.100000E+01
  0.100000E+01  0.103125E+01  0.103125E+01  0.103125E+01  0.103125E+01
  0.103125E+01  0.103125E+01  0.103125E+01  0.103125E+01  0.103125E+01
  0.103125E+01  0.103125E+01  0.103125E+01  0.103125E+01  0.103125E+01
  0.103125E+01  0.106250E+01  0.106250E+01  0.106250E+01  0.106250E+01
  0.106250E+01  0.106250E+01  0.106250E+01  0.106250E+01  0.106250E+01
  0.106250E+01  0.106250E+01  0.106250E+01  0.106250E+01  0.106250E+01
  0.106250E+01  0.109375E+01  0.109375E+01  0.109375E+01  0.109375E+01
  0.109375E+01  0.109375E+01  0.109375E+01  0.109375E+01  0.109375E+01
  0.109375E+01  0.109375E+01  0.109375E+01  0.109375E+01  0.109375E+01
  0.112500E+01  0.112500E+01  0.112500E+01  0.112500E+01  0.112500E+01
  0.112500E+01  0.112500E+01  0.112500E+01  0.112500E+01  0.112500E+01
  0.112500E+01  0.112500E+01  0.112500E+01  0.112500E+01  0.115625E+01
  0.115625E+01  0.115625E+01  0.115625E+01  0.115625E+01  0.115625E+01
  0.115625E+01  0.115625E+01  0.115625E+01  0.115625E+01  0.115625E+01
  0.115625E+01  0.115625E+01  0.118750E+01  0.118750E+01  0.118750E+01
  0.118750E+01  0.118750E+01  0.118750E+01  0.118750E+01  0.118750E+01
  0.118750E+01  0.118750E+01  0.118750E+01  0.118750E+01  0.118750E+01
  0.118750E+01  0.121875E+01  0.121875E+01  0.121875E+01  0.121875E+01
  0.121875E+01  0.121875E+01  0.121875E+01  0.121875E+01  0.121875E+01
  0.121875E+01  0.121875E+01  0.121875E+01  0.125000E+01  0.125000E+01
  0.125000E+01  0.125000E+01  0.125000E+01  0.125000E+01  0.125000E+01
  0.125000E+01  0.125000E+01  0.125000E+01  0.125000E+01  0.125000E+01
  0.125000E+01  0.128125E+01  0.128125E+01  0.128125E+01  0.128125E+01
  0.128125E+01  0.128125E+01  0.128125E+01  0.128125E+01  0.128125E+01
  0.128125E+01  0.128125E+01  0.128125E+01  0.131250E+01  0.131250E+01
  0.131250E+01  0.131250E+01  0.131250E+01  0.131250E+01  0.131250E+01
  0.131250E+01  0.131250E+01  0.131250E+01  0.131250E+01  0.131250E+01
  0.134375E+01  0.134375E+01  0.134375E+01  0.134375E+01  0.134375E+01
  0.134375E+01  0.134375E+01  0.134375E+01  0.134375E+01  0.134375E+01
  0.134375E+01  0.134375E+01  0.137500E+01  0.137500E+01  0.137500E+01
  0.137500E+01  0.137500E+01  0.137500E+01  0.137500E+01  0.137500E+01
  0.137500E+01  0.137500E+01  0.137500E+01  0.140625E+01  0.140625E+01
  0.140625E+01  0.140625E+01  0.140625E+01  0.140625E+01  0.140625E+01
  0.140625E+01  0.140625E+01  0.140625E+01  0.140625E+01  0.143750E+01
  0.143750E+01  0.143750E+01  0.143750E+01  0.143750E+01  0.143750E+01
  0.143750E+01  0.143750E+01  0.143750E+01  0.143750E+01  0.143750E+01
  0.146875E+01  0.146875E+01  0.146875E+01  0.146875E+01  0.146875E+01
  0.146875E+01  0.146875E+01  0.146875E+01  0.146875E+01  0.146875E+01
  0.146875E+01  0.150000E+01  0.150000E+01  0.150000E+01  0.150000E+01
  0.150000E+01  0.150000E+01  0.150000E+01  0.150000E+01  0.150000E+01
  0.150000E+01  0.153125E+01  0.153125E+01  0.153125E+01  0.153125E+01
  0.153125E+01  0.153125E+01  0.153125E+01  0.153125E+01  0.153125E+01
  0.153125E+01  0.156250E+01  0.156250E+01  0.156250E+01  0.156250E+01
  0.156250E+01  0.156250E+01  0.156250E+01  0.156250E+01  0.156250E+01
  0.156250E+01  0.159375E+01  0.159375E+01  0.159375E+01  0.159375E+01
  0.159375E+01  0.159375E+01  0.159375E+01  0.159375E+01  0.159375E+01
  0.159375E+01  0.162500E+01  0.162500E+01  0.162500E+01  0.162500E+01
  0.162500E+01  0.162500E+01  0.162500E+01  0.162500E+01  0.162500E+01
  0.162500E+01  0.165625E+01  0.165625E+01  0.165625E+01  0.165625E+01
  0.165625E+01  0.165625E+01  0.165625E+01  0.165625E+01  0.165625E+01
  0.168750E+01  0.168750E+01  0.168750E+01  0.168750E+01  0.168750E+01
  0.168750E+01  0.168750E+01  0.168750E+01  0.168750E+01  0.171875E+01
  0.171875E+01  0.171875E+01  0.171875E+01  0.171875E+01  0.171875E+01
  0.171875E+01  0.171875E+01  0.171875E+01  0.171875E+01  0.175000E+01
  0.175000E+01  0.175000E+01  0.175000E+01  0.175000E+01  0.175000E+01
  0.175000E+01  0.175000E+01  0.175000E+01  0.178125E+01  0.178125E+01
  0.178125E+01  0.178125E+01  0.178125E+01  0.178125E+01  0.178125E+01
  0.178125E+01  0.181250E+01  0.181250E+01  0.181250E+01  0.181250E+01
  0.181250E+01  0.181250E+01  0.181250E+01  0.181250E+01  0.181250E+01
  0.184375E+01  0.184375E+01  0.184375E+01  0.184375E+01  0.184375E+01
  0.184375E+01  0.184375E+01  0.184375E+01  0.187500E+01  0.187500E+01
  0.187500E+01  0.187500E+01  0.187500E+01  0.187500E+01  0.187500E+01
  0.187500E+01  0.187500E+01  0.190625E+01  0.190625E+01  0.190625E+01
  0.190625E+01  0.190625E+01  0.190625E+01  0.190625E+01  0.190625E+01
  0.193750E+01  0.193750E+01  0.193750E+01  0.193750E+01  0.193750E+01
  0.193750E+01  0.193750E+01  0.193750E+01  0.196875E+01  0.196875E+01
  0.196875E+01  0.196875E+01  0.196875E+01  0.196875E+01  0.196875E+01
  0.196875E+01  0.200000E+01  0.200000E+01  0.200000E+01  0.200000E+01
  0.200000E+01  0.200000E+01  0.200000E+01  0.200000E+01  0.203125E+01
  0.203125E+01  0.203125E+01  0.203125E+01  0.203125E+01  0.203125E+01
  0.203125E+01  0.203125E+01  0.206250E+01  0.206250E+01  0.206250E+01
  0.206250E+01  0.206250E+01  0.206250E+01  0.206250E+01  0.209375E+01
  0.209375E+01  0.209375E+01  0.209375E+01  0.209375E+01  0.209375E+01
  0.209375E+01  0.209375E+01  0.212500E+01  0.212500E+01  0.212500E+01
  0.212500E+01  0.212500E+01  0.212500E+01  0.212500E+01  0.215625E+01
  0.215625E+01  0.215625E+01  0.215625E+01  0.215625E+01  0.215625E+01
  0.215625E+01  0.218750E+01  0.218750E+01  0.218750E+01  0.218750E+01
  0.218750E+01  0.218750E+01  0.218750E+01  0.221875E+01  0.221875E+01
  0.221875E+01  0.221875E+01  0.221875E+01  0.221875E+01  0.221875E+01
  0.225000E+01  0.225000E+01  0.225000E+01  0.225000E+01  0.225000E+01
  0.225000E+01  0.225000E+01  0.228125E+01  0.228125E+01  0.228125E+01
  0.228125E+01  0.228125E+01  0.228125E+01  0.228125E+01  0.231250E+01
  0.231250E+01  0.231250E+01  0.231250E+01  0.231250E+01  0.231250E+01
  0.231250E+01  0.234375E+01  0.234375E+01  0.234375E+01  0.234375E+01
  0.234375E+01  0.234375E+01  0.234375E+01  0.237500E+01  0.237500E+01
  0.237500E+01  0.237500E+01  0.237500E+01  0.237500E+01  0.240625E+01
  0.240625E+01  0.240625E+01  0.240625E+01  0.240625E+01  0.240625E+01
  0.240625E+01  0.243750E+01  0.243750E+01  0.243750E+01  0.243750E+01
  0.243750E+01  0.243750E+01  0.246875E+01  0.246875E+01  0.246875E+01
  0.246875E+01  0.246875E+01  0.246875E+01  0.250000E+01  0.250000E+01
  0.250000E+01  0.250000E+01  0.250000E+01  0.250000E+01  0.250000E+01
  0.253125E+01  0.253125E+01  0.253125E+01  0.253125E+01  0.253125E+01
  0.253125E+01  0.256250E+01  0.256250E+01  0.256250E+01  0.256250E+01
  0.256250E+01  0.256250E+01  0.259375E+01  0.259375E+01  0.259375E+01
  0.259375E+01  0.259375E+01  0.259375E+01  0.262500E+01  0.262500E+01
  0.262500E+01  0.262500E+01  0.262500E+01  0.262500E+01  0.265625E+01
  0.265625E+01  0.265625E+01  0.265625E+01  0.265625E+01  0.265625E+01
  0.268750E+01  0.268750E+01  0.268750E+01  0.268750E+01  0.268750E+01
  0.268750E+01  0.271875E+01  0.271875E+01  0.271875E+01  0.271875E+01
  0.271875E+01  0.275000E+01  0.275000E+01  0.275000E+01  0.275000E+01
  0.275000E+01  0.275000E+01  0.278125E+01  0.278125E+01  0.278125E+01
  0.278125E+01  0.278125E+01  0.278125E+01  0.281250E+01  0.281250E+01
  0.281250E+01  0.281250E+01  0.281250E+01  0.284375E+01  0.284375E+01
  0.284375E+01  0.284375E+01  0.284375E+01  0.284375E+01  0.287500E+01
  0.287500E+01  0.287500E+01  0.287500E+01  0.287500E+01  0.290625E+01
  0.290625E+01  0.290625E+01  0.290625E+01  0.290625E+01  0.290625E+01
  0.293750E+01  0.293750E+01  0.293750E+01  0.293750E+01  0.293750E+01
  0.296875E+01  0.296875E+01  0.296875E+01  0.296875E+01  0.296875E+01
  0.300000E+01  0.300000E+01  0.300000E+01  0.300000E+01  0.300000E+01
  0.303125E+01  0.303125E+01  0.303125E+01  0.303125E+01  0.303125E+01
  0.303125E+01  0.306250E+01  0.306250E+01  0.306250E+01  0.306250E+01
  0.306250E+01  0.309375E+01  0.309375E+01  0.309375E+01  0.309375E+01
  0.309375E+01  0.312500E+01  0.312500E+01  0.312500E+01  0.312500E+01
  0.312500E+01  0.315625E+01  0.315625E+01  0.315625E+01  0.315625E+01
  0.315625E+01  0.318750E+01  0.318750E+01  0.318750E+01  0.318750E+01
  0.318750E+01  0.321875E+01  0.321875E+01  0.321875E+01  0.321875E+01
  0.321875E+01  0.325000E+01  0.325000E+01  0.325000E+01  0.325000E+01
  0.328125E+01  0.328125E+01  0.328125E+01  0.328125E+01  0.328125E+01
  0.331250E+01  0.331250E+01  0.331250E+01  0.331250E+01  0.331250E+01
  0.334375E+01  0.334375E+01  0.334375E+01  0.334375E+01  0.337500E+01
  0.337500E+01  0.337500E+01  0.337500E+01  0.337500E+01  0.340625E+01
  0.340625E+01  0.340625E+01  0.340625E+01  0.340625E+01  0.343750E+01
  0.343750E+01  0.343750E+01  0.343750E+01  0.346875E+01  0.346875E+01
  0.346875E+01  0.346875E+01  0.346875E+01  0.350000E+01  0.350000E+01
  0.350000E+01  0.350000E+01  0.353125E+01  0.353125E+01  0.353125E+01
  0.353125E+01  0.353125E+01  0.356250E+01  0.356250E+01  0.356250E+01
  0.356250E+01  0.359375E+01  0.359375E+01  0.359375E+01  0.359375E+01
  0.362500E+01  0.362500E+01  0.362500E+01  0.362500E+01  0.362500E+01
  0.365625E+01  0.365625E+01  0.365625E+01  0.365625E+01  0.368750E+01
  0.368750E+01  0.368750E+01  0.368750E+01  0.371875E+01  0.371875E+01
  0.371875E+01  0.371875E+01  0.375000E+01  0.375000E+01  0.375000E+01
  0.375000E+01  0.375000E+01  0.378125E+01  0.378125E+01  0.378125E+01
  0.378125E+01  0.381250E+01  0.381250E+01  0.381250E+01  0.381250E+01
  0.384375E+01  0.384375E+01  0.384375E+01  0.384375E+01  0.387500E+01
  0.387500E+01  0.387500E+01  0.387500E+01  0.390625E+01  0.390625E+01
  0.390625E+01  0.390625E+01  0.393750E+01  0.393750E+01  0.393750E+01
  0.393750E+01  0.396875E+01  0.396875E+01  0.396875E+01  0.396875E+01
  0.400000E+01  0.400000E+01  0.400000E+01  0.400000E+01  0.403125E+01
  0.403125E+01  0.403125E+01  0.403125E+01  0.406250E+01  0.406250E+01
  0.406250E+01  0.406250E+01  0.409375E+01  0.409375E+01  0.409375E+01
  0.412500E+01  0.412500E+01  0.412500E+01  0.412500E+01  0.415625E+01
  0.415625E+01  0.415625E+01  0.415625E+01  0.418750E+01  0.418750E+01
  0.418750E+01  0.418750E+01  0.421875E+01  0.421875E+01  0.421875E+01
  0.425000E+01  0.425000E+01  0.425000E+01  0.425000E+01  0.428125E+01
  0.428125E+01  0.428125E+01  0.428125E+01  0.431250E+01  0.431250E+01
  0.431250E+01  0.434375E+01  0.434375E+01  0.434375E+01  0.434375E+01
  0.437500E+01  0.437500E+01  0.437500E+01  0.440625E+01  0.440625E+01
  0.440625E+01  0.440625E+01  0.443750E+01  0.443750E+01  0.443750E+01
  0.443750E+01  0.446875E+01  0.446875E+01  0.446875E+01  0.450000E+01
  0.450000E+01  0.450000E+01  0.450000E+01  0.453125E+01  0.453125E+01
  0.453125E+01  0.456250E+01  0.456250E+01  0.456250E+01  0.459375E+01
  0.459375E+01  0.459375E+01  0.459375E+01  0.462500E+01  0.462500E+01
  0.462500E+01  0.465625E+01  0.465625E+01  0.465625E+01  0.465625E+01
  0.468750E+01  0.468750E+01  0.468750E+01  0.471875E+01  0.471875E+01
  0.471875E+01  0.475000E+01  0.475000E+01  0.475000E+01  0.478125E+01
  0.478125E+01  0.478125E+01  0.478125E+01  0.481250E+01  0.481250E+01
  0.481250E+01  0.484375E+01  0.484375E+01  0.484375E+01  0.487500E+01
  0.487500E+01  0.487500E+01  0.490625E+01  0.490625E+01  0.490625E+01
  0.490625E+01  0.493750E+01  0.493750E+01  0.493750E+01  0.496875E+01
  0.496875E+01  0.496875E+01  0.500000E+01  0.500000E+01  0.500000E+01
  0.503125E+01  0.503125E+01  0.503125E+01  0.506250E+01  0.506250E+01
  0.506250E+01  0.509375E+01  0.509375E+01  0.509375E+01  0.512500E+01
  0.512500E+01  0.512500E+01  0.515625E+01  0.515625E+01  0.515625E+01
  0.518750E+01  0.518750E+01  0.518750E+01  0.521875E+01  0.521875E+01
  0.521875E+01  0.525000E+01  0.525000E+01  0.525000E+01  0.528125E+01
  0.528125E+01  0.528125E+01  0.531250E+01  0.531250E+01  0.531250E+01
  0.534375E+01  0.534375E+01  0.534375E+01  0.537500E+01  0.537500E+01
  0.537500E+01  0.540625E+01  0.540625E+01  0.540625E+01  0.543750E+01
  0.543750E+01  0.543750E+01  0.546875E+01  0.546875E+01  0.546875E+01
  0.550000E+01  0.550000E+01  0.550000E+01  0.553125E+01  0.553125E+01
  0.556250E+01  0.556250E+01  0.556250E+01  0.559375E+01  0.559375E+01
  0.559375E+01  0.562500E+01  0.562500E+01  0.562500E+01  0.565625E+01
  0.565625E+01  0.565625E+01  0.568750E+01  0.568750E+01  0.571875E+01
  0.571875E+01  0.571875E+01  0.575000E+01  0.575000E+01  0.575000E+01
  0.578125E+01  0.578125E+01  0.578125E+01  0.581250E+01  0.581250E+01
  0.584375E+01  0.584375E+01  0.584375E+01  0.587500E+01  0.587500E+01
  0.587500E+01  0.590625E+01  0.590625E+01  0.593750E+01  0.593750E+01
  0.593750E+01  0.596875E+01  0.596875E+01  0.600000E+01  0.600000E+01
  0.600000E+01  0.603125E+01  0.603125E+01  0.603125E+01  0.606250E+01
  0.606250E+01  0.609375E+01  0.609375E+01  0.609375E+01  0.612500E+01
  0.612500E+01  0.615625E+01  0.615625E+01  0.615625E+01  0.618750E+01
  0.618750E+01  0.621875E+01  0.621875E+01  0.621875E+01  0.625000E+01
  0.625000E+01  0.628125E+01  0.628125E+01  0.628125E+01  0.631250E+01
  0.631250E+01  0.634375E+01  0.634375E+01  0.634375E+01  0.637500E+01
  0.637500E+01  0.640625E+01  0.640625E+01  0.640625E+01  0.643750E+01
  0.643750E+01  0.646875E+01  0.646875E+01  0.646875E+01  0.650000E+01
  0.650000E+01  0.653125E+01  0.653125E+01  0.656250E+01  0.656250E+01
  0.656250E+01  0.659375E+01  0.659375E+01  0.662500E+01  0.662500E+01
  0.662500E+01  0.665625E+01  0.665625E+01  0.668750E+01  0.668750E+01
  0.671875E+01  0.671875E+01  0.671875E+01  0.675000E+01  0.675000E+01
  0.678125E+01  0.678125E+01  0.681250E+01  0.681250E+01  0.684375E+01
  0.684375E+01  0.684375E+01  0.687500E+01  0.687500E+01  0.690625E+01
  0.690625E+01  0.693750E+01  0.693750E+01  0.693750E+01  0.696875E+01
  0.696875E+01  0.700000E+01  0.700000E+01  0.703125E+01  0.703125E+01
  0.706250E+01  0.706250E+01  0.709375E+01  0.709375E+01  0.709375E+01
  0.712500E+01  0.712500E+01  0.715625E+01  0.715625E+01  0.718750E+01
  0.718750E+01  0.721875E+01  0.721875E+01  0.725000E+01  0.725000E+01
  0.725000E+01  0.728125E+01  0.728125E+01  0.731250E+01  0.731250E+01
  0.734375E+01  0.734375E+01  0.737500E+01  0.737500E+01  0.740625E+01
  0.740625E+01  0.743750E+01  0.743750E+01  0.746875E+01  0.746875E+01
  0.750000E+01  0.750000E+01  0.753125E+01  0.753125E+01  0.753125E+01
  0.756250E+01  0.756250E+01  0.759375E+01  0.759375E+01  0.762500E+01
  0.762500E+01  0.765625E+01  0.765625E+01  0.768750E+01  0.768750E+01
  0.771875E+01  0.771875E+01  0.775000E+01  0.775000E+01  0.778125E+01
  0.778125E+01  0.781250E+01  0.781250E+01  0.784375E+01  0.784375E+01
  0.787500E+01  0.787500E+01  0.790625E+01  0.790625E+01  0.793750E+01
  0.793750E+01  0.796875E+01  0.796875E+01  0.800000E+01  0.800000E+01
  0.803125E+01  0.803125E+01  0.806250E+01  0.806250E+01  0.809375E+01
  0.809375E+01  0.812500E+01  0.815625E+01  0.815625E+01  0.818750E+01
  0.818750E+01  0.821875E+01  0.821875E+01  0.825000E+01  0.825000E+01
  0.828125E+01  0.828125E+01  0.831250E+01  0.831250E+01  0.834375E+01
  0.834375E+01  0.837500E+01  0.837500E+01  0.840625E+01  0.843750E+01
  0.843750E+01  0.846875E+01  0.846875E+01  0.850000E+01  0.850000E+01
  0.853125E+01  0.853125E+01  0.856250E+01  0.856250E+01  0.859375E+01
  0.862500E+01  0.862500E+01  0.865625E+01  0.865625E+01  0.868750E+01
  0.868750E+01  0.871875E+01  0.871875E+01  0.875000E+01  0.878125E+01
  0.878125E+01  0.881250E+01  0.881250E+01  0.884375E+01  0.884375E+01
  0.887500E+01  0.887500E+01  0.890625E+01  0.893750E+01  0.893750E+01
  0.896875E+01  0.896875E+01  0.900000E+01  0.900000E+01  0.903125E+01
  0.906250E+01  0.906250E+01  0.909375E+01  0.909375E+01  0.912500E+01
  0.915625E+01  0.915625E+01  0.918750E+01  0.918750E+01  0.921875E+01
  0.921875E+01  0.925000E+01  0.928125E+01  0.928125E+01  0.931250E+01
  0.931250E+01  0.934375E+01  0.937500E+01  0.937500E+01  0.940625E+01
  0.940625E+01  0.943750E+01  0.946875E+01  0.946875E+01  0.950000E+01
  0.950000E+01  0.953125E+01  0.956250E+01  0.956250E+01  0.959375E+01
  0.962500E+01  0.962500E+01  0.965625E+01  0.965625E+01  0.968750E+01
  0.971875E+01  0.971875E+01  0.975000E+01  0.975000E+01  0.978125E+01
  0.981250E+01  0.981250E+01  0.984375E+01  0.987500E+01  0.987500E+01
  0.990625E+01  0.993750E+01  0.993750E+01  0.996875E+01  0.996875E+01
  0.100000E+02  0.100312E+02  0.100312E+02  0.100625E+02  0.100938E+02
  0.100938E+02  0.101250E+02  0.101562E+02  0.101562E+02  0.101875E+02
  0.102188E+02  0.102188E+02  0.102500E+02  0.102500E+02  0.102812E+02
  0.103125E+02  0.103125E+02  0.103438E+02  0.103750E+02  0.103750E+02
  0.104062E+02  0.104375E+02  0.104375E+02  0.104688E+02  0.105000E+02
  0.105000E+02  0.105312E+02  0.105625E+02  0.105625E+02  0.105938E+02
  0.106250E+02  0.106250E+02  0.106562E+02  0.106875E+02  0.107188E+02
  0.107188E+02  0.107500E+02  0.107812E+02  0.107812E+02  0.108125E+02
  0.108438E+02  0.108438E+02  0.108750E+02  0.109062E+02  0.109062E+02
  0.109375E+02  0.109688E+02  0.110000E+02  0.110000E+02  0.110312E+02
  0.110625E+02  0.110625E+02  0.110938E+02  0.111250E+02  0.111562E+02
  0.111562E+02  0.111875E+02  0.112188E+02  0.112188E+02  0.112500E+02
  0.112812E+02  0.113125E+02  0.113125E+02  0.113438E+02  0.113750E+02
  0.113750E+02  0.114062E+02  0.114375E+02  0.114688E+02  0.114688E+02
  0.115000E+02  0.115312E+02  0.115625E+02  0.115625E+02  0.115938E+02
  0.116250E+02  0.116562E+02  0.116562E+02  0.116875E+02  0.117188E+02
  0.117500E+02  0.117500E+02  0.117812E+02  0.118125E+02  0.118438E+02
  0.118438E+02  0.118750E+02  0.119062E+02  0.119375E+02  0.119375E+02
  0.119688E+02  0.120000E+02  0.120312E+02  0.120312E+02  0.120625E+02
  0.120938E+02  0.121250E+02  0.121250E+02  0.121562E+02  0.121875E+02
  0.122188E+02  0.122500E+02  0.122500E+02  0.122812E+02  0.123125E+02
  0.123438E+02  0.123750E+02  0.123750E+02  0.124062E+02  0.124375E+02
  0.124688E+02  0.125000E+02  0.125000E+02  0.125312E+02  0.125625E+02
  0.125938E+02  0.126250E+02  0.126250E+02  0.126562E+02  0.126875E+02
  0.127188E+02  0.127500E+02  0.127500E+02  0.127812E+02  0.128125E+02
  0.128438E+02  0.128750E+02  0.128750E+02  0.129062E+02  0.129375E+02
  0.129688E+02  0.130000E+02  0.130312E+02  0.130312E+02  0.130625E+02
  0.130938E+02  0.131250E+02  0.131562E+02  0.131875E+02  0.132188E+02
  0.132188E+02  0.132500E+02  0.132812E+02  0.133125E+02  0.133438E+02
  0.133750E+02  0.133750E+02  0.134062E+02  0.134375E+02  0.134688E+02
  0.135000E+02  0.135312E+02  0.135625E+02  0.135625E+02  0.135938E+02
  0.136250E+02  0.136562E+02  0.136875E+02  0.137188E+02  0.137500E+02
  0.137812E+02  0.137812E+02  0.138125E+02  0.138438E+02  0.138750E+02
  0.139062E+02  0.139375E+02  0.139688E+02  0.140000E+02  0.140312E+02
  0.140625E+02  0.140625E+02  0.140938E+02  0.141250E+02  0.141562E+02
  0.141875E+02  0.142188E+02  0.142500E+02  0.142812E+02  0.143125E+02
  0.143438E+02  0.143438E+02  0.143750E+02  0.144062E+02  0.144375E+02
  0.144688E+02  0.145000E+02  0.145312E+02  0.145625E+02  0.145938E+02
  0.146250E+02  0.146562E+02  0.146875E+02  0.147188E+02  0.147500E+02
  0.147812E+02  0.147812E+02  0.148125E+02  0.148438E+02  0.148750E+02
  0.149062E+02  0.149375E+02  0.149688E+02  0.150000E+02  0.150312E+02
  0.150625E+02  0.150938E+02  0.151250E+02  0.151562E+02  0.151875E+02
  0.152188E+02  0.152500E+02  0.152812E+02  0.153125E+02  0.153438E+02
  0.153750E+02  0.154062E+02  0.154375E+02  0.154688E+02  0.155000E+02
  0.155312E+02  0.155625E+02  0.155938E+02  0.156250E+02  0.156562E+02
  0.156875E+02  0.157188E+02  0.157500E+02  0.157812E+02  0.158125E+02
  0.158438E+02  0.158750E+02  0.159062E+02  0.159375E+02  0.159688E+02
  0.160000E+02  0.160312E+02  0.160625E+02  0.160938E+02  0.161250E+02
  0.161562E+02  0.161875E+02  0.162188E+02  0.162500E+02  0.162812E+02
  0.163125E+02  0.163438E+02  0.163750E+02  0.164062E+02  0.164375E+02
  0.164688E+02  0.165000E+02  0.165625E+02  0.165938E+02  0.166250E+02
  0.166562E+02  0.166875E+02  0.167188E+02  0.167500E+02  0.167812E+02
  0.168125E+02  0.168438E+02  0.168750E+02  0.169062E+02  0.169375E+02
  0.169688E+02  0.170312E+02  0.170625E+02  0.170938E+02  0.171250E+02
  0.171562E+02  0.171875E+02  0.172188E+02  0.172500E+02  0.172812E+02
  0.173125E+02  0.173750E+02  0.174062E+02  0.174375E+02  0.174688E+02
  0.175000E+02  0.175312E+02  0.175625E+02  0.175938E+02  0.176562E+02
  0.176875E+02  0.177188E+02  0.177500E+02  0.177812E+02  0.178125E+02
  0.178438E+02  0.178750E+02  0.179375E+02  0.179688E+02  0.180000E+02
  0.180312E+02  0.180625E+02  0.180938E+02  0.181562E+02  0.181875E+02
  0.182188E+02  0.182500E+02  0.182812E+02  0.183125E+02  0.183750E+02
  0.184062E+02  0.184375E+02  0.184688E+02  0.185000E+02  0.185312E+02
  0.185938E+02  0.186250E+02  0.186562E+02  0.186875E+02  0.187188E+02
  0.187812E+02  0.188125E+02  0.188438E+02  0.188750E+02  0.189062E+02
  0.189688E+02  0.190000E+02  0.190312E+02  0.190625E+02  0.190938E+02
  0.191562E+02  0.191875E+02  0.192188E+02  0.192500E+02  0.193125E+02
  0.193438E+02  0.193750E+02  0.194062E+02  0.194688E+02  0.195000E+02
  0.195312E+02  0.195625E+02  0.196250E+02  0.196562E+02  0.196875E+02
  0.197188E+02  0.197812E+02  0.198125E+02  0.198438E+02  0.198750E+02
  0.199375E+02  0.199688E+02  0.200000E+02  0.200625E+02  0.200938E+02
  0.201250E+02  0.201562E+02  0.202188E+02  0.202500E+02  0.202812E+02
  0.203438E+02  0.203750E+02  0.204062E+02  0.204375E+02  0.205000E+02
  0.205312E+02  0.205625E+02  0.206250E+02  0.206562E+02  0.206875E+02
  0.207500E+02  0.207812E+02  0.208125E+02  0.208750E+02  0.209062E+02
  0.209375E+02  0.210000E+02  0.210312E+02  0.210625E+02  0.211250E+02
  0.211562E+02  0.211875E+02  0.212500E+02  0.212812E+02  0.213125E+02
  0.213750E+02  0.214062E+02  0.214688E+02  0.215000E+02  0.215312E+02
  0.215938E+02  0.216250E+02  0.216562E+02  0.217188E+02  0.217500E+02
  0.218125E+02  0.218438E+02  0.218750E+02  0.219375E+02  0.219688E+02
  0.220312E+02  0.220625E+02  0.220938E+02  0.221562E+02  0.221875E+02
  0.222500E+02  0.222812E+02  0.223438E+02  0.223750E+02  0.224062E+02
  0.224688E+02  0.225000E+02  0.225625E+02  0.225938E+02  0.226562E+02
  0.226875E+02  0.227500E+02  0.227812E+02  0.228125E+02  0.228750E+02
  0.229062E+02  0.229688E+02  0.230000E+02  0.230625E+02  0.230938E+02
  0.231562E+02  0.231875E+02  0.232500E+02  0.232812E+02  0.233438E+02
  0.233750E+02  0.234375E+02  0.234688E+02  0.235312E+02  0.235625E+02
  0.236250E+02  0.236562E+02  0.237188E+02  0.237500E+02  0.238125E+02
  0.238438E+02  0.239062E+02  0.239375E+02  0.240000E+02  0.240312E+02
  0.240938E+02  0.241250E+02  0.241875E+02  0.242500E+02  0.242812E+02
  0.243438E+02  0.243750E+02  0.244375E+02  0.244688E+02  0.245312E+02
  0.245938E+02  0.246250E+02  0.246875E+02  0.247188E+02  0.247812E+02
  0.248125E+02  0.248750E+02  0.249375E+02  0.249688E+02  0.250312E+02
  0.250625E+02  0.251250E+02  0.251875E+02  0.252188E+02  0.252812E+02
  0.253125E+02  0.253750E+02  0.254375E+02  0.254688E+02  0.255312E+02
  0.255938E+02  0.256250E+02  0.256875E+02  0.257500E+02  0.257812E+02
  0.258438E+02  0.258750E+02  0.259375E+02  0.260000E+02  0.260312E+02
  0.260938E+02  0.261562E+02  0.261875E+02  0.262500E+02  0.263125E+02
  0.263438E+02  0.264062E+02  0.264688E+02  0.265312E+02  0.265625E+02
  0.266250E+02  0.266875E+02  0.267188E+02  0.267812E+02  0.268438E+02
  0.269062E+02  0.269375E+02  0.270000E+02  0.270625E+02  0.270938E+02
  0.271562E+02  0.272188E+02  0.272812E+02  0.273125E+02  0.273750E+02
  0.274375E+02  0.275000E+02  0.275312E+02  0.275938E+02  0.276562E+02
  0.277188E+02  0.277500E+02  0.278125E+02  0.278750E+02  0.279375E+02
  0.280000E+02  0.280312E+02  0.280938E+02  0.281562E+02  0.282188E+02
  0.282812E+02  0.283125E+02  0.283750E+02  0.284375E+02  0.285000E+02
  0.285625E+02  0.285938E+02  0.286562E+02  0.287188E+02  0.287812E+02
  0.288438E+02  0.289062E+02  0.289688E+02  0.290000E+02  0.290625E+02
  0.291250E+02  0.291875E+02  0.292500E+02  0.293125E+02  0.293750E+02
  0.294062E+02  0.294688E+02  0.295312E+02  0.295938E+02  0.296562E+02
  0.297188E+02  0.297812E+02  0.298438E+02  0.299062E+02  0.299688E+02
  0.300000E+02  0.300625E+02  0.301250E+02  0.301875E+02  0.302500E+02
  0.303125E+02  0.303750E+02  0.304375E+02  0.305000E+02  0.305625E+02
  0.306250E+02  0.306875E+02  0.307500E+02  0.308125E+02  0.308750E+02
  0.309375E+02  0.310000E+02  0.310625E+02  0.311250E+02  0.311875E+02
  0.312500E+02  0.313125E+02  0.313750E+02  0.314375E+02  0.315000E+02
  0.315625E+02  0.316250E+02  0.316875E+02  0.317500E+02  0.318125E+02
  0.318750E+02  0.319375E+02  0.320000E+02  0.320625E+02  0.321250E+02
  0.321875E+02  0.322500E+02  0.323125E+02  0.323750E+02  0.324375E+02
  0.325000E+02  0.325625E+02  0.326562E+02  0.327188E+02  0.327812E+02
  0.328438E+02  0.329062E+02  0.329688E+02  0.330312E+02  0.330938E+02
  0.331562E+02  0.332500E+02  0.333125E+02  0.333750E+02  0.334375E+02
  0.335000E+02  0.335625E+02  0.336250E+02  0.336875E+02  0.337812E+02
  0.338438E+02  0.339062E+02  0.339688E+02  0.340312E+02  0.340938E+02
  0.341875E+02  0.342500E+02  0.343125E+02  0.343750E+02  0.344375E+02
  0.345312E+02  0.345938E+02  0.346562E+02  0.347188E+02  0.348125E+02
  0.348750E+02  0.349375E+02  0.350000E+02  0.350625E+02  0.351562E+02
  0.352188E+02  0.352812E+02  0.353438E+02  0.354375E+02  0.355000E+02
  0.355625E+02  0.356562E+02  0.357188E+02  0.357812E+02  0.358438E+02
  0.359375E+02  0.360000E+02  0.360625E+02  0.361562E+02  0.362188E+02
  0.362812E+02  0.363750E+02  0.364375E+02  0.365000E+02  0.365938E+02
  0.366562E+02  0.367188E+02  0.368125E+02  0.368750E+02  0.369375E+02
  0.370312E+02  0.370938E+02  0.371562E+02  0.372500E+02  0.373125E+02
  0.374062E+02  0.374688E+02  0.375312E+02  0.376250E+02  0.376875E+02
  0.377812E+02  0.378438E+02  0.379062E+02  0.380000E+02  0.380625E+02
  0.381562E+02  0.382188E+02  0.383125E+02  0.383750E+02  0.384688E+02
  0.385312E+02  0.385938E+02  0.386875E+02  0.387500E+02  0.388438E+02
  0.389062E+02  0.390000E+02  0.390625E+02  0.391562E+02  0.392188E+02
  0.393125E+02  0.393750E+02  0.394688E+02  0.395312E+02  0.396250E+02
  0.396875E+02  0.397812E+02  0.398750E+02  0.399375E+02  0.400312E+02
  0.400938E+02  0.401875E+02  0.402500E+02  0.403438E+02  0.404375E+02
  0.405000E+02  0.405938E+02  0.406562E+02  0.407500E+02  0.408438E+02
  0.409062E+02  0.410000E+02  0.410625E+02  0.411562E+02  0.412500E+02
  0.413125E+02  0.414062E+02  0.415000E+02  0.415625E+02  0.416562E+02
  0.417500E+02  0.418125E+02  0.419062E+02  0.420000E+02  0.420625E+02
  0.421562E+02  0.422500E+02  0.423125E+02  0.424062E+02  0.425000E+02
  0.425938E+02  0.426562E+02  0.427500E+02  0.428438E+02  0.429062E+02
  0.430000E+02  0.430938E+02  0.431875E+02  0.432500E+02  0.433438E+02
  0.434375E+02  0.435312E+02  0.436250E+02  0.436875E+02  0.437812E+02
  0.438750E+02  0.439688E+02  0.440625E+02  0.441250E+02  0.442188E+02
  0.443125E+02  0.444062E+02  0.445000E+02  0.445938E+02  0.446562E+02
  0.447500E+02  0.448438E+02  0.449375E+02  0.450312E+02  0.451250E+02
  0.452188E+02  0.453125E+02  0.453750E+02  0.454688E+02  0.455625E+02
  0.456562E+02  0.457500E+02  0.458438E+02  0.459375E+02  0.460312E+02
  0.461250E+02  0.462188E+02  0.463125E+02  0.464062E+02  0.465000E+02
  0.465938E+02  0.466875E+02  0.467812E+02  0.468750E+02  0.469688E+02
  0.470625E+02  0.471562E+02  0.472500E+02  0.473438E+02  0.474375E+02
  0.475312E+02  0.476250E+02  0.477188E+02  0.478125E+02  0.479062E+02
  0.480000E+02  0.480938E+02  0.481875E+02  0.482812E+02  0.483750E+02
  0.484688E+02  0.485938E+02  0.486875E+02  0.487812E+02  0.488750E+02
  0.489688E+02  0.490625E+02  0.491562E+02  0.492500E+02  0.493750E+02
  0.494688E+02  0.495625E+02  0.496562E+02  0.497500E+02  0.498438E+02
  0.499688E+02  0.500625E+02  0.501562E+02  0.502500E+02  0.503750E+02
  0.504688E+02  0.505625E+02  0.506562E+02  0.507500E+02  0.508750E+02
  0.509688E+02  0.510625E+02  0.511562E+02  0.512812E+02  0.513750E+02
  0.514688E+02  0.515938E+02  0.516875E+02  0.517812E+02  0.519062E+02
  0.520000E+02  0.520938E+02  0.522188E+02  0.523125E+02  0.524062E+02
  0.525312E+02  0.526250E+02  0.527188E+02  0.528438E+02  0.529375E+02
  0.530312E+02  0.531562E+02  0.532500E+02  0.533750E+02  0.534688E+02
  0.535625E+02  0.536875E+02  0.537812E+02  0.539062E+02  0.540000E+02
  0.541250E+02  0.542188E+02  0.543438E+02  0.544375E+02  0.545625E+02
  0.546562E+02  0.547812E+02  0.548750E+02  0.550000E+02  0.550938E+02
  0.552188E+02  0.553125E+02  0.554375E+02  0.555312E+02  0.556562E+02
  0.557500E+02  0.558750E+02  0.560000E+02  0.560938E+02  0.562188E+02
  0.563125E+02  0.564375E+02  0.565625E+02  0.566562E+02  0.567812E+02
  0.568750E+02  0.570000E+02  0.571250E+02  0.572188E+02  0.573438E+02
  0.574688E+02  0.575625E+02  0.576875E+02  0.578125E+02  0.579062E+02
  0.580312E+02  0.581562E+02  0.582812E+02  0.583750E+02  0.585000E+02
  0.586250E+02  0.587500E+02  0.588438E+02  0.589688E+02  0.590938E+02
  0.592188E+02  0.593125E+02  0.594375E+02  0.595625E+02  0.596875E+02
  0.598125E+02  0.599062E+02  0.600312E+02  0.601562E+02  0.602812E+02
  0.604062E+02  0.605312E+02  0.606562E+02  0.607500E+02  0.608750E+02
  0.610000E+02  0.611250E+02  0.612500E+02  0.613750E+02  0.615000E+02
  0.616250E+02  0.617500E+02  0.618750E+02  0.620000E+02  0.621250E+02
  0.622500E+02  0.623750E+02  0.625000E+02  0.626250E+02  0.627500E+02
  0.628750E+02  0.630000E+02  0.631250E+02  0.632500E+02  0.633750E+02
  0.635000E+02  0.636250E+02  0.637500E+02  0.638750E+02  0.640000E+02
  0.641250E+02  0.642500E+02  0.643750E+02  0.645312E+02  0.646562E+02
  0.647812E+02  0.649062E+02  0.650312E+02  0.651562E+02  0.652812E+02
  0.654375E+02  0.655625E+02  0.656875E+02  0.658125E+02  0.659375E+02
  0.660938E+02  0.662188E+02  0.663438E+02  0.664688E+02  0.666250E+02
  0.667500E+02  0.668750E+02  0.670000E+02  0.671562E+02  0.672812E+02
  0.674062E+02  0.675625E+02  0.676875E+02  0.678125E+02  0.679688E+02
  0.680938E+02  0.682188E+02  0.683750E+02  0.685000E+02  0.686562E+02
  0.687812E+02  0.689062E+02  0.690625E+02  0.691875E+02  0.693438E+02
  0.694688E+02  0.695938E+02  0.697500E+02  0.698750E+02  0.700312E+02
  0.701562E+02  0.703125E+02  0.704375E+02  0.705938E+02  0.707188E+02
  0.708750E+02  0.710000E+02  0.711562E+02  0.713125E+02  0.714375E+02
  0.715938E+02  0.717188E+02  0.718750E+02  0.720000E+02  0.721562E+02
  0.723125E+02  0.724375E+02  0.725938E+02  0.727500E+02  0.728750E+02
  0.730312E+02  0.731875E+02  0.733125E+02  0.734688E+02  0.736250E+02
  0.737500E+02  0.739062E+02  0.740625E+02  0.742188E+02  0.743438E+02
  0.745000E+02  0.746562E+02  0.748125E+02  0.749375E+02  0.750938E+02
  0.752500E+02  0.754062E+02  0.755625E+02  0.756875E+02  0.758438E+02
  0.760000E+02  0.761562E+02  0.763125E+02  0.764688E+02  0.766250E+02
  0.767812E+02  0.769062E+02  0.770625E+02  0.772188E+02  0.773750E+02
  0.775312E+02  0.776875E+02  0.778438E+02  0.780000E+02  0.781562E+02
  0.783125E+02  0.784688E+02  0.786250E+02  0.787812E+02  0.789375E+02
  0.790938E+02  0.792500E+02  0.794062E+02  0.795938E+02  0.797500E+02
  0.799062E+02  0.800625E+02  0.802188E+02  0.803750E+02  0.805312E+02
  0.806875E+02  0.808750E+02  0.810312E+02  0.811875E+02  0.813438E+02
  0.815000E+02  0.816875E+02  0.818438E+02  0.820000E+02  0.821562E+02
  0.823438E+02  0.825000E+02  0.826562E+02  0.828125E+02  0.830000E+02
  0.831562E+02  0.833125E+02  0.835000E+02  0.836562E+02  0.838125E+02
  0.840000E+02  0.841562E+02  0.843125E+02  0.845000E+02  0.846562E+02
  0.848438E+02  0.850000E+02  0.851875E+02  0.853438E+02  0.855000E+02
  0.856875E+02  0.858438E+02  0.860312E+02  0.861875E+02  0.863750E+02
  0.865312E+02  0.867188E+02  0.869062E+02  0.870625E+02  0.872500E+02
  0.874062E+02  0.875938E+02  0.877500E+02  0.879375E+02  0.881250E+02
  0.882812E+02  0.884688E+02  0.886562E+02  0.888125E+02  0.890000E+02
  0.891875E+02  0.893438E+02  0.895312E+02  0.897188E+02  0.899062E+02
  0.900625E+02  0.902500E+02  0.904375E+02  0.906250E+02  0.907812E+02
  0.909688E+02  0.911562E+02  0.913438E+02  0.915312E+02  0.917188E+02
  0.919062E+02  0.920625E+02  0.922500E+02  0.924375E+02  0.926250E+02
  0.928125E+02  0.930000E+02  0.931875E+02  0.933750E+02  0.935625E+02
  0.937500E+02  0.939375E+02  0.941250E+02  0.943125E+02  0.945000E+02
  0.946875E+02  0.948750E+02  0.950625E+02  0.952500E+02  0.954375E+02
  0.956250E+02  0.958438E+02  0.960312E+02  0.962188E+02  0.964062E+02
  0.965938E+02  0.967812E+02  0.970000E+02  0.971875E+02  0.973750E+02
  0.975625E+02  0.977500E+02  0.979688E+02  0.981562E+02  0.983438E+02
  0.985625E+02  0.987500E+02  0.989375E+02  0.991250E+02  0.993438E+02
  0.995312E+02  0.997500E+02  0.999375E+02  0.100125E+03  0.100344E+03
  0.100531E+03  0.100750E+03  0.100938E+03  0.101125E+03  0.101344E+03
  0.101531E+03  0.101750E+03  0.101938E+03  0.102156E+03  0.102375E+03
  0.102562E+03  0.102781E+03  0.102969E+03  0.103188E+03  0.103375E+03
  0.103594E+03  0.103812E+03  0.104000E+03  0.104219E+03  0.104438E+03
  0.104625E+03  0.104844E+03  0.105062E+03  0.105250E+03  0.105469E+03
  0.105688E+03  0.105906E+03  0.106094E+03  0.106312E+03  0.106531E+03
  0.106750E+03  0.106969E+03  0.107188E+03  0.107375E+03  0.107594E+03
  0.107812E+03  0.108031E+03  0.108250E+03  0.108469E+03  0.108688E+03
  0.108906E+03  0.109125E+03  0.109344E+03  0.109562E+03  0.109781E+03
  0.110000E+03  0.110219E+03  0.110438E+03  0.110656E+03  0.110875E+03
  0.111094E+03  0.111312E+03  0.111531E+03  0.111781E+03  0.112000E+03
  0.112219E+03  0.112438E+03  0.112656E+03  0.112875E+03  0.113125E+03
  0.113344E+03  0.113562E+03  0.113781E+03  0.114031E+03  0.114250E+03
  0.114469E+03  0.114719E+03  0.114938E+03  0.115156E+03  0.115406E+03
  0.115625E+03  0.115844E+03  0.116094E+03  0.116312E+03  0.116562E+03
  0.116781E+03  0.117031E+03  0.117250E+03  0.117500E+03  0.117719E+03
  0.117969E+03  0.118188E+03  0.118438E+03  0.118656E+03  0.118906E+03
  0.119156E+03  0.119375E+03  0.119625E+03  0.119875E+03  0.120094E+03
  0.120344E+03  0.120594E+03  0.120812E+03  0.121062E+03  0.121312E+03
  0.121562E+03  0.121781E+03  0.122031E+03  0.122281E+03  0.122531E+03
  0.122781E+03  0.123031E+03  0.123250E+03  0.123500E+03  0.123750E+03
  0.124000E+03  0.124250E+03  0.124500E+03  0.124750E+03  0.125000E+03
  0.125250E+03  0.125500E+03  0.125750E+03  0.126000E+03  0.126250E+03
  0.126500E+03  0.126750E+03  0.127000E+03  0.127281E+03  0.127531E+03
  0.127781E+03  0.128031E+03  0.128281E+03  0.128531E+03  0.128812E+03
  0.129062E+03  0.129312E+03  0.129562E+03  0.129844E+03  0.130094E+03
  0.130344E+03  0.130625E+03  0.130875E+03  0.131125E+03  0.131406E+03
  0.131656E+03  0.131938E+03  0.132188E+03  0.132469E+03  0.132719E+03
  0.133000E+03  0.133250E+03  0.133531E+03  0.133781E+03  0.134062E+03
  0.134312E+03  0.134594E+03  0.134875E+03  0.135125E+03  0.135406E+03
  0.135656E+03  0.135938E+03  0.136219E+03  0.136500E+03  0.136750E+03
  0.137031E+03  0.137312E+03  0.137594E+03  0.137844E+03  0.138125E+03
  0.138406E+03  0.138688E+03  0.138969E+03  0.139250E+03  0.139531E+03
  0.139812E+03  0.140062E+03  0.140344E+03  0.140625E+03  0.140906E+03
  0.141188E+03  0.141469E+03  0.141781E+03  0.142062E+03  0.142344E+03
  0.142625E+03  0.142906E+03  0.143188E+03  0.143469E+03  0.143750E+03
  0.144062E+03  0.144344E+03  0.144625E+03  0.144906E+03  0.145219E+03
  0.145500E+03  0.145781E+03  0.146094E+03  0.146375E+03  0.146656E+03
  0.146969E+03  0.147250E+03  0.147562E+03  0.147844E+03  0.148125E+03
  0.148438E+03  0.148719E+03  0.149031E+03  0.149312E+03  0.149625E+03
  0.149938E+03  0.150219E+03  0.150531E+03  0.150812E+03  0.151125E+03
  0.151438E+03  0.151719E+03  0.152031E+03  0.152344E+03  0.152656E+03
  0.152938E+03  0.153250E+03  0.153562E+03  0.153875E+03  0.154188E+03
  0.154500E+03  0.154781E+03  0.155094E+03  0.155406E+03  0.155719E+03
  0.156031E+03  0.156344E+03  0.156656E+03  0.156969E+03  0.157281E+03
  0.157594E+03  0.157906E+03  0.158219E+03  0.158562E+03  0.158875E+03
  0.159188E+03  0.159500E+03  0.159812E+03  0.160156E+03  0.160469E+03
  0.160781E+03  0.161094E+03  0.161438E+03  0.161750E+03  0.162062E+03
  0.162406E+03  0.162719E+03  0.163062E+03  0.163375E+03  0.163688E+03
  0.164031E+03  0.164344E+03  0.164688E+03  0.165000E+03  0.165344E+03
  0.165688E+03  0.166000E+03  0.166344E+03  0.166656E+03  0.167000E+03
  0.167344E+03  0.167688E+03  0.168000E+03  0.168344E+03  0.168688E+03
  0.169031E+03  0.169344E+03  0.169688E+03  0.170031E+03  0.170375E+03
  0.170719E+03  0.171062E+03  0.171406E+03  0.171750E+03  0.172094E+03
  0.172438E+03  0.172781E+03  0.173125E+03  0.173469E+03  0.173812E+03
  0.174156E+03  0.174500E+03  0.174844E+03  0.175219E+03  0.175562E+03
  0.175906E+03  0.176250E+03  0.176625E+03  0.176969E+03  0.177312E+03
  0.177688E+03  0.178031E+03  0.178375E+03  0.178750E+03  0.179094E+03
  0.179469E+03  0.179812E+03  0.180188E+03  0.180531E+03  0.180906E+03
  0.181250E+03  0.181625E+03  0.182000E+03  0.182344E+03  0.182719E+03
  0.183094E+03  0.183438E+03  0.183812E+03  0.184188E+03  0.184562E+03
  0.184906E+03  0.185281E+03  0.185656E+03  0.186031E+03  0.186406E+03
  0.186781E+03  0.187156E+03  0.187531E+03  0.187906E+03  0.188281E+03
  0.188656E+03  0.189031E+03  0.189406E+03  0.109250E+03
