  No. of detectors =         1899
  Incident flight path =    20.0000000    
  Detector flight paths:- 
 -0.135420E+02 -0.119280E+02 -0.780800E+01 -0.456000E+01 -0.456000E+01
 -0.266000E+01 -0.266000E+01  0.650000E+01  0.650000E+01  0.552978E+01
  0.552960E+01  0.552941E+01  0.552923E+01  0.552906E+01  0.552889E+01
  0.552873E+01  0.552857E+01  0.552841E+01  0.552826E+01  0.552811E+01
  0.552797E+01  0.552783E+01  0.552770E+01  0.552757E+01  0.552744E+01
  0.552732E+01  0.552721E+01  0.552710E+01  0.552699E+01  0.552689E+01
  0.552679E+01  0.552670E+01  0.552661E+01  0.552653E+01  0.552645E+01
  0.552638E+01  0.552631E+01  0.552624E+01  0.552618E+01  0.552612E+01
  0.552607E+01  0.552602E+01  0.552978E+01  0.552960E+01  0.552941E+01
  0.552923E+01  0.552906E+01  0.552889E+01  0.552873E+01  0.552857E+01
  0.552841E+01  0.552826E+01  0.552811E+01  0.552797E+01  0.552783E+01
  0.552770E+01  0.552757E+01  0.552744E+01  0.552732E+01  0.552721E+01
  0.552710E+01  0.552699E+01  0.552689E+01  0.552679E+01  0.552670E+01
  0.552661E+01  0.552653E+01  0.552645E+01  0.552638E+01  0.552631E+01
  0.552624E+01  0.552618E+01  0.552612E+01  0.552607E+01  0.552602E+01
  0.552978E+01  0.552960E+01  0.552941E+01  0.552923E+01  0.552906E+01
  0.552889E+01  0.552873E+01  0.552857E+01  0.552841E+01  0.552826E+01
  0.552811E+01  0.552797E+01  0.552783E+01  0.552770E+01  0.552757E+01
  0.552744E+01  0.552732E+01  0.552721E+01  0.552710E+01  0.552699E+01
  0.552689E+01  0.552679E+01  0.552670E+01  0.552661E+01  0.552653E+01
  0.552645E+01  0.552638E+01  0.552631E+01  0.552624E+01  0.552618E+01
  0.552612E+01  0.552607E+01  0.552602E+01  0.552978E+01  0.552960E+01
  0.552941E+01  0.552923E+01  0.552906E+01  0.552889E+01  0.552873E+01
  0.552857E+01  0.552841E+01  0.552826E+01  0.552811E+01  0.552797E+01
  0.552783E+01  0.552770E+01  0.552757E+01  0.552744E+01  0.552732E+01
  0.552721E+01  0.552710E+01  0.552699E+01  0.552689E+01  0.552679E+01
  0.552670E+01  0.552661E+01  0.552653E+01  0.552645E+01  0.552638E+01
  0.552631E+01  0.552624E+01  0.552618E+01  0.552612E+01  0.552607E+01
  0.552602E+01  0.552978E+01  0.552960E+01  0.552941E+01  0.552923E+01
  0.552906E+01  0.552889E+01  0.552873E+01  0.552857E+01  0.552841E+01
  0.552826E+01  0.552811E+01  0.552797E+01  0.552783E+01  0.552770E+01
  0.552757E+01  0.552744E+01  0.552732E+01  0.552721E+01  0.552710E+01
  0.552699E+01  0.552689E+01  0.552679E+01  0.552670E+01  0.552661E+01
  0.552653E+01  0.552645E+01  0.552638E+01  0.552631E+01  0.552624E+01
  0.552618E+01  0.552612E+01  0.552607E+01  0.552602E+01  0.552978E+01
  0.552960E+01  0.552941E+01  0.552923E+01  0.552906E+01  0.552889E+01
  0.552873E+01  0.552857E+01  0.552841E+01  0.552826E+01  0.552811E+01
  0.552797E+01  0.552783E+01  0.552770E+01  0.552757E+01  0.552744E+01
  0.552732E+01  0.552721E+01  0.552710E+01  0.552699E+01  0.552689E+01
  0.552679E+01  0.552670E+01  0.552661E+01  0.552653E+01  0.552645E+01
  0.552638E+01  0.552631E+01  0.552624E+01  0.552618E+01  0.552612E+01
  0.552607E+01  0.552602E+01  0.552978E+01  0.552960E+01  0.552941E+01
  0.552923E+01  0.552906E+01  0.552889E+01  0.552873E+01  0.552857E+01
  0.552841E+01  0.552826E+01  0.552811E+01  0.552797E+01  0.552783E+01
  0.552770E+01  0.552757E+01  0.552744E+01  0.552732E+01  0.552721E+01
  0.552710E+01  0.552699E+01  0.552689E+01  0.552679E+01  0.552670E+01
  0.552661E+01  0.552653E+01  0.552645E+01  0.552638E+01  0.552631E+01
  0.552624E+01  0.552618E+01  0.552612E+01  0.552607E+01  0.552602E+01
  0.552978E+01  0.552960E+01  0.552941E+01  0.552923E+01  0.552906E+01
  0.552889E+01  0.552873E+01  0.552857E+01  0.552841E+01  0.552826E+01
  0.552811E+01  0.552797E+01  0.552783E+01  0.552770E+01  0.552757E+01
  0.552744E+01  0.552732E+01  0.552721E+01  0.552710E+01  0.552699E+01
  0.552689E+01  0.552679E+01  0.552670E+01  0.552661E+01  0.552653E+01
  0.552645E+01  0.552638E+01  0.552631E+01  0.552624E+01  0.552618E+01
  0.552612E+01  0.552607E+01  0.552602E+01  0.552978E+01  0.552960E+01
  0.552941E+01  0.552923E+01  0.552906E+01  0.552889E+01  0.552873E+01
  0.552857E+01  0.552841E+01  0.552826E+01  0.552811E+01  0.552797E+01
  0.552783E+01  0.552770E+01  0.552757E+01  0.552744E+01  0.552732E+01
  0.552721E+01  0.552710E+01  0.552699E+01  0.552689E+01  0.552679E+01
  0.552670E+01  0.552661E+01  0.552653E+01  0.552645E+01  0.552638E+01
  0.552631E+01  0.552624E+01  0.552618E+01  0.552612E+01  0.552607E+01
  0.552602E+01  0.552978E+01  0.552960E+01  0.552941E+01  0.552923E+01
  0.552906E+01  0.552889E+01  0.552873E+01  0.552857E+01  0.552841E+01
  0.552826E+01  0.552811E+01  0.552797E+01  0.552783E+01  0.552770E+01
  0.552757E+01  0.552744E+01  0.552732E+01  0.552721E+01  0.552710E+01
  0.552699E+01  0.552689E+01  0.552679E+01  0.552670E+01  0.552661E+01
  0.552653E+01  0.552645E+01  0.552638E+01  0.552631E+01  0.552624E+01
  0.552618E+01  0.552612E+01  0.552607E+01  0.552602E+01  0.552978E+01
  0.552960E+01  0.552941E+01  0.552923E+01  0.552906E+01  0.552889E+01
  0.552873E+01  0.552857E+01  0.552841E+01  0.552826E+01  0.552811E+01
  0.552797E+01  0.552783E+01  0.552770E+01  0.552757E+01  0.552744E+01
  0.552732E+01  0.552721E+01  0.552710E+01  0.552699E+01  0.552689E+01
  0.552679E+01  0.552670E+01  0.552661E+01  0.552653E+01  0.552645E+01
  0.552638E+01  0.552631E+01  0.552624E+01  0.552618E+01  0.552612E+01
  0.552607E+01  0.552602E+01  0.552978E+01  0.552960E+01  0.552941E+01
  0.552923E+01  0.552906E+01  0.552889E+01  0.552873E+01  0.552857E+01
  0.552841E+01  0.552826E+01  0.552811E+01  0.552797E+01  0.552783E+01
  0.552770E+01  0.552757E+01  0.552744E+01  0.552732E+01  0.552721E+01
  0.552710E+01  0.552699E+01  0.552689E+01  0.552679E+01  0.552670E+01
  0.552661E+01  0.552653E+01  0.552645E+01  0.552638E+01  0.552631E+01
  0.552624E+01  0.552618E+01  0.552612E+01  0.552607E+01  0.552602E+01
  0.552978E+01  0.552960E+01  0.552941E+01  0.552923E+01  0.552906E+01
  0.552889E+01  0.552873E+01  0.552857E+01  0.552841E+01  0.552826E+01
  0.552811E+01  0.552797E+01  0.552783E+01  0.552770E+01  0.552757E+01
  0.552744E+01  0.552732E+01  0.552721E+01  0.552710E+01  0.552699E+01
  0.552689E+01  0.552679E+01  0.552670E+01  0.552661E+01  0.552653E+01
  0.552645E+01  0.552638E+01  0.552631E+01  0.552624E+01  0.552618E+01
  0.552612E+01  0.552607E+01  0.552602E+01  0.552978E+01  0.552960E+01
  0.552941E+01  0.552923E+01  0.552906E+01  0.552889E+01  0.552873E+01
  0.552857E+01  0.552841E+01  0.552826E+01  0.552811E+01  0.552797E+01
  0.552783E+01  0.552770E+01  0.552757E+01  0.552744E+01  0.552732E+01
  0.552721E+01  0.552710E+01  0.552699E+01  0.552689E+01  0.552679E+01
  0.552670E+01  0.552661E+01  0.552653E+01  0.552645E+01  0.552638E+01
  0.552631E+01  0.552624E+01  0.552618E+01  0.552612E+01  0.552607E+01
  0.552602E+01  0.552978E+01  0.552960E+01  0.552941E+01  0.552923E+01
  0.552906E+01  0.552889E+01  0.552873E+01  0.552857E+01  0.552841E+01
  0.552826E+01  0.552811E+01  0.552797E+01  0.552783E+01  0.552770E+01
  0.552757E+01  0.552744E+01  0.552732E+01  0.552721E+01  0.552710E+01
  0.552699E+01  0.552689E+01  0.552679E+01  0.552670E+01  0.552661E+01
  0.552653E+01  0.552645E+01  0.552638E+01  0.552631E+01  0.552624E+01
  0.552618E+01  0.552612E+01  0.552607E+01  0.552602E+01  0.552978E+01
  0.552960E+01  0.552941E+01  0.552923E+01  0.552906E+01  0.552889E+01
  0.552873E+01  0.552857E+01  0.552841E+01  0.552826E+01  0.552811E+01
  0.552797E+01  0.552783E+01  0.552770E+01  0.552757E+01  0.552744E+01
  0.552732E+01  0.552721E+01  0.552710E+01  0.552699E+01  0.552689E+01
  0.552679E+01  0.552670E+01  0.552661E+01  0.552653E+01  0.552645E+01
  0.552638E+01  0.552631E+01  0.552624E+01  0.552618E+01  0.552612E+01
  0.552607E+01  0.552602E+01  0.552978E+01  0.552960E+01  0.552941E+01
  0.552923E+01  0.552906E+01  0.552889E+01  0.552873E+01  0.552857E+01
  0.552841E+01  0.552826E+01  0.552811E+01  0.552797E+01  0.552783E+01
  0.552770E+01  0.552757E+01  0.552744E+01  0.552732E+01  0.552721E+01
  0.552710E+01  0.552699E+01  0.552689E+01  0.552679E+01  0.552670E+01
  0.552661E+01  0.552653E+01  0.552645E+01  0.552638E+01  0.552631E+01
  0.552624E+01  0.552618E+01  0.552612E+01  0.552607E+01  0.552602E+01
  0.552978E+01  0.552960E+01  0.552941E+01  0.552923E+01  0.552906E+01
  0.552889E+01  0.552873E+01  0.552857E+01  0.552841E+01  0.552826E+01
  0.552811E+01  0.552797E+01  0.552783E+01  0.552770E+01  0.552757E+01
  0.552744E+01  0.552732E+01  0.552721E+01  0.552710E+01  0.552699E+01
  0.552689E+01  0.552679E+01  0.552670E+01  0.552661E+01  0.552653E+01
  0.552645E+01  0.552638E+01  0.552631E+01  0.552624E+01  0.552618E+01
  0.552612E+01  0.552607E+01  0.552602E+01  0.552978E+01  0.552960E+01
  0.552941E+01  0.552923E+01  0.552906E+01  0.552889E+01  0.552873E+01
  0.552857E+01  0.552841E+01  0.552826E+01  0.552811E+01  0.552797E+01
  0.552783E+01  0.552770E+01  0.552757E+01  0.552744E+01  0.552732E+01
  0.552721E+01  0.552710E+01  0.552699E+01  0.552689E+01  0.552679E+01
  0.552670E+01  0.552661E+01  0.552653E+01  0.552645E+01  0.552638E+01
  0.552631E+01  0.552624E+01  0.552618E+01  0.552612E+01  0.552607E+01
  0.552602E+01  0.552978E+01  0.552960E+01  0.552941E+01  0.552923E+01
  0.552906E+01  0.552889E+01  0.552873E+01  0.552857E+01  0.552841E+01
  0.552826E+01  0.552811E+01  0.552797E+01  0.552783E+01  0.552770E+01
  0.552757E+01  0.552744E+01  0.552732E+01  0.552721E+01  0.552710E+01
  0.552699E+01  0.552689E+01  0.552679E+01  0.552670E+01  0.552661E+01
  0.552653E+01  0.552645E+01  0.552638E+01  0.552631E+01  0.552624E+01
  0.552618E+01  0.552612E+01  0.552607E+01  0.552602E+01  0.552978E+01
  0.552960E+01  0.552941E+01  0.552923E+01  0.552906E+01  0.552889E+01
  0.552873E+01  0.552857E+01  0.552841E+01  0.552826E+01  0.552811E+01
  0.552797E+01  0.552783E+01  0.552770E+01  0.552757E+01  0.552744E+01
  0.552732E+01  0.552721E+01  0.552710E+01  0.552699E+01  0.552689E+01
  0.552679E+01  0.552670E+01  0.552661E+01  0.552653E+01  0.552645E+01
  0.552638E+01  0.552631E+01  0.552624E+01  0.552618E+01  0.552612E+01
  0.552607E+01  0.552602E+01  0.552978E+01  0.552960E+01  0.552941E+01
  0.552923E+01  0.552906E+01  0.552889E+01  0.552873E+01  0.552857E+01
  0.552841E+01  0.552826E+01  0.552811E+01  0.552797E+01  0.552783E+01
  0.552770E+01  0.552757E+01  0.552744E+01  0.552732E+01  0.552721E+01
  0.552710E+01  0.552699E+01  0.552689E+01  0.552679E+01  0.552670E+01
  0.552661E+01  0.552653E+01  0.552645E+01  0.552638E+01  0.552631E+01
  0.552624E+01  0.552618E+01  0.552612E+01  0.552607E+01  0.552602E+01
  0.552978E+01  0.552960E+01  0.552941E+01  0.552923E+01  0.552906E+01
  0.552889E+01  0.552873E+01  0.552857E+01  0.552841E+01  0.552826E+01
  0.552811E+01  0.552797E+01  0.552783E+01  0.552770E+01  0.552757E+01
  0.552744E+01  0.552732E+01  0.552721E+01  0.552710E+01  0.552699E+01
  0.552689E+01  0.552679E+01  0.552670E+01  0.552661E+01  0.552653E+01
  0.552645E+01  0.552638E+01  0.552631E+01  0.552624E+01  0.552618E+01
  0.552612E+01  0.552607E+01  0.552602E+01  0.552978E+01  0.552960E+01
  0.552941E+01  0.552923E+01  0.552906E+01  0.552889E+01  0.552873E+01
  0.552857E+01  0.552841E+01  0.552826E+01  0.552811E+01  0.552797E+01
  0.552783E+01  0.552770E+01  0.552757E+01  0.552744E+01  0.552732E+01
  0.552721E+01  0.552710E+01  0.552699E+01  0.552689E+01  0.552679E+01
  0.552670E+01  0.552661E+01  0.552653E+01  0.552645E+01  0.552638E+01
  0.552631E+01  0.552624E+01  0.552618E+01  0.552612E+01  0.552607E+01
  0.552602E+01  0.481597E+01  0.483399E+01  0.485203E+01  0.487008E+01
  0.488815E+01  0.490624E+01  0.492433E+01  0.494245E+01  0.496058E+01
  0.497872E+01  0.499688E+01  0.501505E+01  0.503323E+01  0.505143E+01
  0.506964E+01  0.508787E+01  0.510610E+01  0.512436E+01  0.481596E+01
  0.483398E+01  0.485202E+01  0.487007E+01  0.488814E+01  0.490622E+01
  0.492431E+01  0.494242E+01  0.496055E+01  0.497869E+01  0.499684E+01
  0.501501E+01  0.503319E+01  0.505139E+01  0.506960E+01  0.508782E+01
  0.510605E+01  0.512430E+01  0.437027E+01  0.438826E+01  0.440626E+01
  0.442428E+01  0.444232E+01  0.446038E+01  0.447845E+01  0.449653E+01
  0.451464E+01  0.453276E+01  0.455089E+01  0.456904E+01  0.458721E+01
  0.460539E+01  0.462358E+01  0.464180E+01  0.466002E+01  0.467826E+01
  0.359782E+01  0.361578E+01  0.363376E+01  0.365176E+01  0.366979E+01
  0.368783E+01  0.370589E+01  0.372398E+01  0.374208E+01  0.376020E+01
  0.377834E+01  0.379650E+01  0.381468E+01  0.383288E+01  0.385109E+01
  0.386932E+01  0.388757E+01  0.390584E+01  0.359783E+01  0.361581E+01
  0.363381E+01  0.365183E+01  0.366988E+01  0.368794E+01  0.370602E+01
  0.372412E+01  0.374225E+01  0.376039E+01  0.377855E+01  0.379672E+01
  0.381492E+01  0.383313E+01  0.385137E+01  0.386962E+01  0.388788E+01
  0.390617E+01  0.359783E+01  0.361582E+01  0.363383E+01  0.365186E+01
  0.366991E+01  0.368798E+01  0.370607E+01  0.372417E+01  0.374230E+01
  0.376045E+01  0.377861E+01  0.379680E+01  0.381500E+01  0.383322E+01
  0.385146E+01  0.386971E+01  0.388799E+01  0.390628E+01  0.359783E+01
  0.361580E+01  0.363380E+01  0.365182E+01  0.366985E+01  0.368791E+01
  0.370599E+01  0.372409E+01  0.374221E+01  0.376034E+01  0.377850E+01
  0.379667E+01  0.381486E+01  0.383307E+01  0.385130E+01  0.386954E+01
  0.388781E+01  0.390609E+01  0.359782E+01  0.361578E+01  0.363377E+01
  0.365177E+01  0.366979E+01  0.368784E+01  0.370590E+01  0.372399E+01
  0.374209E+01  0.376021E+01  0.377836E+01  0.379652E+01  0.381470E+01
  0.383289E+01  0.385111E+01  0.386934E+01  0.388759E+01  0.390586E+01
  0.280059E+01  0.281850E+01  0.283644E+01  0.285440E+01  0.287239E+01
  0.289041E+01  0.290846E+01  0.292652E+01  0.294462E+01  0.296274E+01
  0.298088E+01  0.299905E+01  0.301724E+01  0.303545E+01  0.305368E+01
  0.307194E+01  0.309022E+01  0.310852E+01  0.280060E+01  0.281853E+01
  0.283648E+01  0.285446E+01  0.287247E+01  0.289050E+01  0.290856E+01
  0.292664E+01  0.294475E+01  0.296289E+01  0.298104E+01  0.299922E+01
  0.301743E+01  0.303566E+01  0.305390E+01  0.307217E+01  0.309047E+01
  0.310878E+01  0.280061E+01  0.281856E+01  0.283653E+01  0.285453E+01
  0.287256E+01  0.289061E+01  0.290869E+01  0.292679E+01  0.294492E+01
  0.296307E+01  0.298125E+01  0.299944E+01  0.301767E+01  0.303591E+01
  0.305418E+01  0.307246E+01  0.309077E+01  0.310910E+01  0.280061E+01
  0.281854E+01  0.283651E+01  0.285450E+01  0.287252E+01  0.289057E+01
  0.290864E+01  0.292673E+01  0.294486E+01  0.296300E+01  0.298117E+01
  0.299936E+01  0.301758E+01  0.303581E+01  0.305407E+01  0.307235E+01
  0.309066E+01  0.310898E+01  0.280060E+01  0.281853E+01  0.283648E+01
  0.285446E+01  0.287247E+01  0.289051E+01  0.290857E+01  0.292665E+01
  0.294476E+01  0.296290E+01  0.298105E+01  0.299924E+01  0.301744E+01
  0.303567E+01  0.305392E+01  0.307219E+01  0.309048E+01  0.310879E+01
  0.193381E+01  0.195158E+01  0.196939E+01  0.198723E+01  0.200512E+01
  0.202305E+01  0.204102E+01  0.205902E+01  0.207706E+01  0.209514E+01
  0.211325E+01  0.213140E+01  0.214957E+01  0.216778E+01  0.218602E+01
  0.220430E+01  0.222260E+01  0.224093E+01  0.193382E+01  0.195159E+01
  0.196941E+01  0.198727E+01  0.200517E+01  0.202311E+01  0.204108E+01
  0.205909E+01  0.207714E+01  0.209523E+01  0.211335E+01  0.213150E+01
  0.214969E+01  0.216791E+01  0.218616E+01  0.220444E+01  0.222275E+01
  0.224108E+01  0.193383E+01  0.195161E+01  0.196944E+01  0.198731E+01
  0.200522E+01  0.202317E+01  0.204115E+01  0.205918E+01  0.207724E+01
  0.209533E+01  0.211346E+01  0.213163E+01  0.214982E+01  0.216805E+01
  0.218631E+01  0.220460E+01  0.222292E+01  0.224126E+01  0.193383E+01
  0.195161E+01  0.196944E+01  0.198731E+01  0.200523E+01  0.202318E+01
  0.204116E+01  0.205919E+01  0.207725E+01  0.209535E+01  0.211348E+01
  0.213164E+01  0.214984E+01  0.216807E+01  0.218633E+01  0.220462E+01
  0.222294E+01  0.224129E+01  0.193382E+01  0.195161E+01  0.196943E+01
  0.198730E+01  0.200521E+01  0.202315E+01  0.204114E+01  0.205916E+01
  0.207722E+01  0.209531E+01  0.211344E+01  0.213160E+01  0.214980E+01
  0.216802E+01  0.218628E+01  0.220457E+01  0.222288E+01  0.224123E+01
  0.193383E+01  0.195162E+01  0.196945E+01  0.198732E+01  0.200523E+01
  0.202318E+01  0.204117E+01  0.205920E+01  0.207726E+01  0.209536E+01
  0.211349E+01  0.213166E+01  0.214986E+01  0.216809E+01  0.218635E+01
  0.220464E+01  0.222296E+01  0.224131E+01  0.152193E+01  0.153959E+01
  0.155730E+01  0.157507E+01  0.159289E+01  0.161076E+01  0.162868E+01
  0.164665E+01  0.166466E+01  0.168272E+01  0.170082E+01  0.171897E+01
  0.173715E+01  0.175538E+01  0.177364E+01  0.179194E+01  0.181028E+01
  0.182865E+01  0.152193E+01  0.153959E+01  0.155730E+01  0.157507E+01
  0.159289E+01  0.161076E+01  0.162868E+01  0.164665E+01  0.166466E+01
  0.168272E+01  0.170082E+01  0.171897E+01  0.173715E+01  0.175538E+01
  0.177364E+01  0.179194E+01  0.181028E+01  0.182865E+01  0.152194E+01
  0.153962E+01  0.155736E+01  0.157515E+01  0.159299E+01  0.161088E+01
  0.162882E+01  0.164681E+01  0.166485E+01  0.168293E+01  0.170105E+01
  0.171922E+01  0.173742E+01  0.175566E+01  0.177394E+01  0.179226E+01
  0.181062E+01  0.182900E+01  0.152194E+01  0.153961E+01  0.155734E+01
  0.157512E+01  0.159296E+01  0.161085E+01  0.162878E+01  0.164677E+01
  0.166479E+01  0.168287E+01  0.170099E+01  0.171914E+01  0.173734E+01
  0.175558E+01  0.177386E+01  0.179217E+01  0.181052E+01  0.182890E+01
  0.152194E+01  0.153963E+01  0.155736E+01  0.157515E+01  0.159300E+01
  0.161089E+01  0.162883E+01  0.164682E+01  0.166486E+01  0.168294E+01
  0.170106E+01  0.171923E+01  0.173743E+01  0.175568E+01  0.177396E+01
  0.179228E+01  0.181064E+01  0.182902E+01  0.152193E+01  0.153959E+01
  0.155730E+01  0.157507E+01  0.159289E+01  0.161076E+01  0.162868E+01
  0.164665E+01  0.166466E+01  0.168272E+01  0.170082E+01  0.171897E+01
  0.173715E+01  0.175538E+01  0.177364E+01  0.179194E+01  0.181028E+01
  0.182865E+01  0.110392E+01  0.111901E+01  0.113425E+01  0.114963E+01
  0.116516E+01  0.118082E+01  0.119660E+01  0.121252E+01  0.122855E+01
  0.124469E+01  0.126095E+01  0.127732E+01  0.129378E+01  0.131035E+01
  0.132700E+01  0.134375E+01  0.136059E+01  0.137751E+01  0.110392E+01
  0.111898E+01  0.113421E+01  0.114957E+01  0.116508E+01  0.118073E+01
  0.119650E+01  0.121240E+01  0.122841E+01  0.124455E+01  0.126079E+01
  0.127714E+01  0.129359E+01  0.131015E+01  0.132679E+01  0.134353E+01
  0.136036E+01  0.137727E+01  0.110396E+01  0.111912E+01  0.113443E+01
  0.114989E+01  0.116548E+01  0.118120E+01  0.119705E+01  0.121303E+01
  0.122912E+01  0.124533E+01  0.126164E+01  0.127806E+01  0.129458E+01
  0.131120E+01  0.132791E+01  0.134471E+01  0.136160E+01  0.137857E+01
  0.110394E+01  0.111905E+01  0.113431E+01  0.114972E+01  0.116527E+01
  0.118095E+01  0.119677E+01  0.121270E+01  0.122876E+01  0.124492E+01
  0.126120E+01  0.127759E+01  0.129407E+01  0.131065E+01  0.132733E+01
  0.134410E+01  0.136096E+01  0.137789E+01  0.110393E+01  0.111904E+01
  0.113429E+01  0.114969E+01  0.116523E+01  0.118091E+01  0.119671E+01
  0.121264E+01  0.122869E+01  0.124485E+01  0.126112E+01  0.127750E+01
  0.129397E+01  0.131055E+01  0.132722E+01  0.134398E+01  0.136083E+01
  0.137777E+01  0.110394E+01  0.111906E+01  0.113434E+01  0.114975E+01
  0.116531E+01  0.118100E+01  0.119682E+01  0.121276E+01  0.122882E+01
  0.124500E+01  0.126128E+01  0.127767E+01  0.129416E+01  0.131075E+01
  0.132744E+01  0.134421E+01  0.136107E+01  0.137802E+01  0.481596E+01
  0.483396E+01  0.485198E+01  0.487002E+01  0.488807E+01  0.490614E+01
  0.492422E+01  0.494232E+01  0.496043E+01  0.497855E+01  0.499669E+01
  0.501485E+01  0.503301E+01  0.505120E+01  0.506939E+01  0.508760E+01
  0.510582E+01  0.512406E+01  0.481596E+01  0.483398E+01  0.485201E+01
  0.487006E+01  0.488812E+01  0.490620E+01  0.492430E+01  0.494240E+01
  0.496053E+01  0.497866E+01  0.499681E+01  0.501498E+01  0.503316E+01
  0.505135E+01  0.506956E+01  0.508778E+01  0.510601E+01  0.512426E+01
  0.437027E+01  0.438826E+01  0.440626E+01  0.442428E+01  0.444232E+01
  0.446038E+01  0.447845E+01  0.449653E+01  0.451464E+01  0.453276E+01
  0.455089E+01  0.456904E+01  0.458721E+01  0.460539E+01  0.462358E+01
  0.464180E+01  0.466002E+01  0.467826E+01  0.359782E+01  0.361577E+01
  0.363374E+01  0.365173E+01  0.366975E+01  0.368778E+01  0.370584E+01
  0.372392E+01  0.374201E+01  0.376012E+01  0.377826E+01  0.379641E+01
  0.381458E+01  0.383277E+01  0.385098E+01  0.386920E+01  0.388744E+01
  0.390570E+01  0.359781E+01  0.361576E+01  0.363373E+01  0.365173E+01
  0.366974E+01  0.368777E+01  0.370582E+01  0.372390E+01  0.374199E+01
  0.376010E+01  0.377823E+01  0.379638E+01  0.381455E+01  0.383274E+01
  0.385094E+01  0.386917E+01  0.388740E+01  0.390566E+01  0.359781E+01
  0.361576E+01  0.363373E+01  0.365173E+01  0.366974E+01  0.368777E+01
  0.370582E+01  0.372390E+01  0.374199E+01  0.376010E+01  0.377823E+01
  0.379638E+01  0.381455E+01  0.383274E+01  0.385094E+01  0.386916E+01
  0.388740E+01  0.390566E+01  0.359782E+01  0.361577E+01  0.363374E+01
  0.365173E+01  0.366975E+01  0.368778E+01  0.370584E+01  0.372391E+01
  0.374201E+01  0.376012E+01  0.377825E+01  0.379640E+01  0.381457E+01
  0.383276E+01  0.385097E+01  0.386919E+01  0.388743E+01  0.390569E+01
  0.280059E+01  0.281850E+01  0.283643E+01  0.285439E+01  0.287238E+01
  0.289040E+01  0.290844E+01  0.292650E+01  0.294460E+01  0.296271E+01
  0.298085E+01  0.299902E+01  0.301720E+01  0.303541E+01  0.305365E+01
  0.307190E+01  0.309018E+01  0.310847E+01  0.280060E+01  0.281853E+01
  0.283648E+01  0.285446E+01  0.287247E+01  0.289050E+01  0.290856E+01
  0.292664E+01  0.294475E+01  0.296289E+01  0.298104E+01  0.299922E+01
  0.301743E+01  0.303566E+01  0.305390E+01  0.307217E+01  0.309047E+01
  0.310878E+01  0.280059E+01  0.281850E+01  0.283644E+01  0.285440E+01
  0.287239E+01  0.289041E+01  0.290845E+01  0.292652E+01  0.294462E+01
  0.296273E+01  0.298088E+01  0.299904E+01  0.301723E+01  0.303544E+01
  0.305368E+01  0.307193E+01  0.309021E+01  0.310851E+01  0.280058E+01
  0.281848E+01  0.283640E+01  0.285435E+01  0.287233E+01  0.289033E+01
  0.290836E+01  0.292641E+01  0.294449E+01  0.296260E+01  0.298073E+01
  0.299888E+01  0.301706E+01  0.303526E+01  0.305348E+01  0.307172E+01
  0.308999E+01  0.310827E+01  0.280059E+01  0.281849E+01  0.283643E+01
  0.285439E+01  0.287237E+01  0.289039E+01  0.290843E+01  0.292649E+01
  0.294458E+01  0.296270E+01  0.298083E+01  0.299900E+01  0.301718E+01
  0.303539E+01  0.305362E+01  0.307187E+01  0.309015E+01  0.310844E+01
  0.193381E+01  0.195158E+01  0.196938E+01  0.198723E+01  0.200511E+01
  0.202304E+01  0.204100E+01  0.205901E+01  0.207705E+01  0.209512E+01
  0.211323E+01  0.213137E+01  0.214955E+01  0.216776E+01  0.218600E+01
  0.220427E+01  0.222257E+01  0.224090E+01  0.193382E+01  0.195159E+01
  0.196941E+01  0.198727E+01  0.200517E+01  0.202311E+01  0.204108E+01
  0.205909E+01  0.207714E+01  0.209523E+01  0.211335E+01  0.213150E+01
  0.214969E+01  0.216791E+01  0.218616E+01  0.220444E+01  0.222275E+01
  0.224108E+01  0.193382E+01  0.195159E+01  0.196941E+01  0.198726E+01
  0.200516E+01  0.202310E+01  0.204107E+01  0.205909E+01  0.207713E+01
  0.209522E+01  0.211334E+01  0.213149E+01  0.214967E+01  0.216789E+01
  0.218614E+01  0.220442E+01  0.222273E+01  0.224106E+01  0.193383E+01
  0.195161E+01  0.196944E+01  0.198731E+01  0.200522E+01  0.202317E+01
  0.204116E+01  0.205918E+01  0.207724E+01  0.209534E+01  0.211347E+01
  0.213163E+01  0.214983E+01  0.216806E+01  0.218632E+01  0.220461E+01
  0.222292E+01  0.224127E+01  0.193383E+01  0.195163E+01  0.196947E+01
  0.198735E+01  0.200527E+01  0.202323E+01  0.204122E+01  0.205926E+01
  0.207733E+01  0.209543E+01  0.211357E+01  0.213174E+01  0.214995E+01
  0.216819E+01  0.218645E+01  0.220475E+01  0.222308E+01  0.224143E+01
  0.193383E+01  0.195163E+01  0.196947E+01  0.198736E+01  0.200528E+01
  0.202324E+01  0.204124E+01  0.205928E+01  0.207735E+01  0.209546E+01
  0.211360E+01  0.213178E+01  0.214999E+01  0.216822E+01  0.218649E+01
  0.220479E+01  0.222312E+01  0.224148E+01  0.152193E+01  0.153957E+01
  0.155728E+01  0.157503E+01  0.159284E+01  0.161071E+01  0.162862E+01
  0.164658E+01  0.166459E+01  0.168264E+01  0.170073E+01  0.171887E+01
  0.173705E+01  0.175527E+01  0.177352E+01  0.179182E+01  0.181015E+01
  0.182851E+01  0.152193E+01  0.153959E+01  0.155730E+01  0.157507E+01
  0.159289E+01  0.161076E+01  0.162868E+01  0.164665E+01  0.166466E+01
  0.168272E+01  0.170082E+01  0.171897E+01  0.173715E+01  0.175538E+01
  0.177364E+01  0.179194E+01  0.181028E+01  0.182865E+01  0.152194E+01
  0.153961E+01  0.155733E+01  0.157511E+01  0.159294E+01  0.161082E+01
  0.162875E+01  0.164673E+01  0.166476E+01  0.168283E+01  0.170094E+01
  0.171909E+01  0.173729E+01  0.175552E+01  0.177379E+01  0.179210E+01
  0.181045E+01  0.182883E+01  0.152194E+01  0.153963E+01  0.155736E+01
  0.157515E+01  0.159300E+01  0.161089E+01  0.162883E+01  0.164682E+01
  0.166486E+01  0.168294E+01  0.170106E+01  0.171923E+01  0.173743E+01
  0.175568E+01  0.177396E+01  0.179228E+01  0.181063E+01  0.182902E+01
  0.152195E+01  0.153965E+01  0.155740E+01  0.157521E+01  0.159307E+01
  0.161097E+01  0.162893E+01  0.164694E+01  0.166499E+01  0.168308E+01
  0.170122E+01  0.171939E+01  0.173761E+01  0.175587E+01  0.177416E+01
  0.179249E+01  0.181086E+01  0.182926E+01  0.152195E+01  0.153964E+01
  0.155739E+01  0.157519E+01  0.159304E+01  0.161095E+01  0.162890E+01
  0.164690E+01  0.166495E+01  0.168304E+01  0.170117E+01  0.171934E+01
  0.173756E+01  0.175581E+01  0.177410E+01  0.179243E+01  0.181079E+01
  0.182919E+01  0.110393E+01  0.111902E+01  0.113427E+01  0.114966E+01
  0.116519E+01  0.118086E+01  0.119665E+01  0.121257E+01  0.122861E+01
  0.124476E+01  0.126102E+01  0.127739E+01  0.129386E+01  0.131043E+01
  0.132710E+01  0.134385E+01  0.136070E+01  0.137762E+01  0.110392E+01
  0.111898E+01  0.113421E+01  0.114957E+01  0.116508E+01  0.118073E+01
  0.119650E+01  0.121240E+01  0.122841E+01  0.124455E+01  0.126079E+01
  0.127714E+01  0.129359E+01  0.131015E+01  0.132679E+01  0.134353E+01
  0.136036E+01  0.137727E+01  0.110395E+01  0.111908E+01  0.113436E+01
  0.114978E+01  0.116535E+01  0.118104E+01  0.119687E+01  0.121282E+01
  0.122889E+01  0.124507E+01  0.126136E+01  0.127776E+01  0.129425E+01
  0.131085E+01  0.132754E+01  0.134432E+01  0.136119E+01  0.137814E+01
  0.110397E+01  0.111914E+01  0.113446E+01  0.114992E+01  0.116552E+01
  0.118126E+01  0.119712E+01  0.121310E+01  0.122920E+01  0.124542E+01
  0.126174E+01  0.127817E+01  0.129470E+01  0.131132E+01  0.132804E+01
  0.134485E+01  0.136174E+01  0.137872E+01  0.110397E+01  0.111915E+01
  0.113448E+01  0.114995E+01  0.116556E+01  0.118130E+01  0.119717E+01
  0.121316E+01  0.122926E+01  0.124548E+01  0.126181E+01  0.127825E+01
  0.129478E+01  0.131141E+01  0.132813E+01  0.134495E+01  0.136185E+01
  0.137883E+01  0.110397E+01  0.111914E+01  0.113447E+01  0.114993E+01
  0.116554E+01  0.118128E+01  0.119714E+01  0.121313E+01  0.122923E+01
  0.124545E+01  0.126178E+01  0.127821E+01  0.129474E+01  0.131137E+01
  0.132809E+01  0.134490E+01  0.136179E+01  0.137877E+01
  Detector scattering angles:- 
  0.180000E+03  0.180000E+03  0.180000E+03  0.180000E+03  0.180000E+03
  0.180000E+03  0.180000E+03  0.000000E+00  0.000000E+00  0.217605E+01
  0.212428E+01  0.207251E+01  0.202074E+01  0.196896E+01  0.191718E+01
  0.186540E+01  0.181361E+01  0.176182E+01  0.171003E+01  0.165824E+01
  0.160644E+01  0.155465E+01  0.150285E+01  0.145105E+01  0.139924E+01
  0.134744E+01  0.129563E+01  0.124382E+01  0.119201E+01  0.114021E+01
  0.108839E+01  0.103658E+01  0.984770E+00  0.932960E+00  0.881150E+00
  0.829340E+00  0.777540E+00  0.725730E+00  0.673930E+00  0.622140E+00
  0.570350E+00  0.518570E+00  0.217605E+01  0.212428E+01  0.207251E+01
  0.202074E+01  0.196896E+01  0.191718E+01  0.186540E+01  0.181361E+01
  0.176182E+01  0.171003E+01  0.165824E+01  0.160644E+01  0.155465E+01
  0.150285E+01  0.145105E+01  0.139924E+01  0.134744E+01  0.129563E+01
  0.124382E+01  0.119201E+01  0.114021E+01  0.108839E+01  0.103658E+01
  0.984770E+00  0.932960E+00  0.881150E+00  0.829340E+00  0.777540E+00
  0.725730E+00  0.673930E+00  0.622140E+00  0.570350E+00  0.518570E+00
  0.217605E+01  0.212428E+01  0.207251E+01  0.202074E+01  0.196896E+01
  0.191718E+01  0.186540E+01  0.181361E+01  0.176182E+01  0.171003E+01
  0.165824E+01  0.160644E+01  0.155465E+01  0.150285E+01  0.145105E+01
  0.139924E+01  0.134744E+01  0.129563E+01  0.124382E+01  0.119201E+01
  0.114021E+01  0.108839E+01  0.103658E+01  0.984770E+00  0.932960E+00
  0.881150E+00  0.829340E+00  0.777540E+00  0.725730E+00  0.673930E+00
  0.622140E+00  0.570350E+00  0.518570E+00  0.217605E+01  0.212428E+01
  0.207251E+01  0.202074E+01  0.196896E+01  0.191718E+01  0.186540E+01
  0.181361E+01  0.176182E+01  0.171003E+01  0.165824E+01  0.160644E+01
  0.155465E+01  0.150285E+01  0.145105E+01  0.139924E+01  0.134744E+01
  0.129563E+01  0.124382E+01  0.119201E+01  0.114021E+01  0.108839E+01
  0.103658E+01  0.984770E+00  0.932960E+00  0.881150E+00  0.829340E+00
  0.777540E+00  0.725730E+00  0.673930E+00  0.622140E+00  0.570350E+00
  0.518570E+00  0.217605E+01  0.212428E+01  0.207251E+01  0.202074E+01
  0.196896E+01  0.191718E+01  0.186540E+01  0.181361E+01  0.176182E+01
  0.171003E+01  0.165824E+01  0.160644E+01  0.155465E+01  0.150285E+01
  0.145105E+01  0.139924E+01  0.134744E+01  0.129563E+01  0.124382E+01
  0.119201E+01  0.114021E+01  0.108839E+01  0.103658E+01  0.984770E+00
  0.932960E+00  0.881150E+00  0.829340E+00  0.777540E+00  0.725730E+00
  0.673930E+00  0.622140E+00  0.570350E+00  0.518570E+00  0.217605E+01
  0.212428E+01  0.207251E+01  0.202074E+01  0.196896E+01  0.191718E+01
  0.186540E+01  0.181361E+01  0.176182E+01  0.171003E+01  0.165824E+01
  0.160644E+01  0.155465E+01  0.150285E+01  0.145105E+01  0.139924E+01
  0.134744E+01  0.129563E+01  0.124382E+01  0.119201E+01  0.114021E+01
  0.108839E+01  0.103658E+01  0.984770E+00  0.932960E+00  0.881150E+00
  0.829340E+00  0.777540E+00  0.725730E+00  0.673930E+00  0.622140E+00
  0.570350E+00  0.518570E+00  0.217605E+01  0.212428E+01  0.207251E+01
  0.202074E+01  0.196896E+01  0.191718E+01  0.186540E+01  0.181361E+01
  0.176182E+01  0.171003E+01  0.165824E+01  0.160644E+01  0.155465E+01
  0.150285E+01  0.145105E+01  0.139924E+01  0.134744E+01  0.129563E+01
  0.124382E+01  0.119201E+01  0.114021E+01  0.108839E+01  0.103658E+01
  0.984770E+00  0.932960E+00  0.881150E+00  0.829340E+00  0.777540E+00
  0.725730E+00  0.673930E+00  0.622140E+00  0.570350E+00  0.518570E+00
  0.217605E+01  0.212428E+01  0.207251E+01  0.202074E+01  0.196896E+01
  0.191718E+01  0.186540E+01  0.181361E+01  0.176182E+01  0.171003E+01
  0.165824E+01  0.160644E+01  0.155465E+01  0.150285E+01  0.145105E+01
  0.139924E+01  0.134744E+01  0.129563E+01  0.124382E+01  0.119201E+01
  0.114021E+01  0.108839E+01  0.103658E+01  0.984770E+00  0.932960E+00
  0.881150E+00  0.829340E+00  0.777540E+00  0.725730E+00  0.673930E+00
  0.622140E+00  0.570350E+00  0.518570E+00  0.217605E+01  0.212428E+01
  0.207251E+01  0.202074E+01  0.196896E+01  0.191718E+01  0.186540E+01
  0.181361E+01  0.176182E+01  0.171003E+01  0.165824E+01  0.160644E+01
  0.155465E+01  0.150285E+01  0.145105E+01  0.139924E+01  0.134744E+01
  0.129563E+01  0.124382E+01  0.119201E+01  0.114021E+01  0.108839E+01
  0.103658E+01  0.984770E+00  0.932960E+00  0.881150E+00  0.829340E+00
  0.777540E+00  0.725730E+00  0.673930E+00  0.622140E+00  0.570350E+00
  0.518570E+00  0.217605E+01  0.212428E+01  0.207251E+01  0.202074E+01
  0.196896E+01  0.191718E+01  0.186540E+01  0.181361E+01  0.176182E+01
  0.171003E+01  0.165824E+01  0.160644E+01  0.155465E+01  0.150285E+01
  0.145105E+01  0.139924E+01  0.134744E+01  0.129563E+01  0.124382E+01
  0.119201E+01  0.114021E+01  0.108839E+01  0.103658E+01  0.984770E+00
  0.932960E+00  0.881150E+00  0.829340E+00  0.777540E+00  0.725730E+00
  0.673930E+00  0.622140E+00  0.570350E+00  0.518570E+00  0.217605E+01
  0.212428E+01  0.207251E+01  0.202074E+01  0.196896E+01  0.191718E+01
  0.186540E+01  0.181361E+01  0.176182E+01  0.171003E+01  0.165824E+01
  0.160644E+01  0.155465E+01  0.150285E+01  0.145105E+01  0.139924E+01
  0.134744E+01  0.129563E+01  0.124382E+01  0.119201E+01  0.114021E+01
  0.108839E+01  0.103658E+01  0.984770E+00  0.932960E+00  0.881150E+00
  0.829340E+00  0.777540E+00  0.725730E+00  0.673930E+00  0.622140E+00
  0.570350E+00  0.518570E+00  0.217605E+01  0.212428E+01  0.207251E+01
  0.202074E+01  0.196896E+01  0.191718E+01  0.186540E+01  0.181361E+01
  0.176182E+01  0.171003E+01  0.165824E+01  0.160644E+01  0.155465E+01
  0.150285E+01  0.145105E+01  0.139924E+01  0.134744E+01  0.129563E+01
  0.124382E+01  0.119201E+01  0.114021E+01  0.108839E+01  0.103658E+01
  0.984770E+00  0.932960E+00  0.881150E+00  0.829340E+00  0.777540E+00
  0.725730E+00  0.673930E+00  0.622140E+00  0.570350E+00  0.518570E+00
  0.217605E+01  0.212428E+01  0.207251E+01  0.202074E+01  0.196896E+01
  0.191718E+01  0.186540E+01  0.181361E+01  0.176182E+01  0.171003E+01
  0.165824E+01  0.160644E+01  0.155465E+01  0.150285E+01  0.145105E+01
  0.139924E+01  0.134744E+01  0.129563E+01  0.124382E+01  0.119201E+01
  0.114021E+01  0.108839E+01  0.103658E+01  0.984770E+00  0.932960E+00
  0.881150E+00  0.829340E+00  0.777540E+00  0.725730E+00  0.673930E+00
  0.622140E+00  0.570350E+00  0.518570E+00  0.217605E+01  0.212428E+01
  0.207251E+01  0.202074E+01  0.196896E+01  0.191718E+01  0.186540E+01
  0.181361E+01  0.176182E+01  0.171003E+01  0.165824E+01  0.160644E+01
  0.155465E+01  0.150285E+01  0.145105E+01  0.139924E+01  0.134744E+01
  0.129563E+01  0.124382E+01  0.119201E+01  0.114021E+01  0.108839E+01
  0.103658E+01  0.984770E+00  0.932960E+00  0.881150E+00  0.829340E+00
  0.777540E+00  0.725730E+00  0.673930E+00  0.622140E+00  0.570350E+00
  0.518570E+00  0.217605E+01  0.212428E+01  0.207251E+01  0.202074E+01
  0.196896E+01  0.191718E+01  0.186540E+01  0.181361E+01  0.176182E+01
  0.171003E+01  0.165824E+01  0.160644E+01  0.155465E+01  0.150285E+01
  0.145105E+01  0.139924E+01  0.134744E+01  0.129563E+01  0.124382E+01
  0.119201E+01  0.114021E+01  0.108839E+01  0.103658E+01  0.984770E+00
  0.932960E+00  0.881150E+00  0.829340E+00  0.777540E+00  0.725730E+00
  0.673930E+00  0.622140E+00  0.570350E+00  0.518570E+00  0.217605E+01
  0.212428E+01  0.207251E+01  0.202074E+01  0.196896E+01  0.191718E+01
  0.186540E+01  0.181361E+01  0.176182E+01  0.171003E+01  0.165824E+01
  0.160644E+01  0.155465E+01  0.150285E+01  0.145105E+01  0.139924E+01
  0.134744E+01  0.129563E+01  0.124382E+01  0.119201E+01  0.114021E+01
  0.108839E+01  0.103658E+01  0.984770E+00  0.932960E+00  0.881150E+00
  0.829340E+00  0.777540E+00  0.725730E+00  0.673930E+00  0.622140E+00
  0.570350E+00  0.518570E+00  0.217605E+01  0.212428E+01  0.207251E+01
  0.202074E+01  0.196896E+01  0.191718E+01  0.186540E+01  0.181361E+01
  0.176182E+01  0.171003E+01  0.165824E+01  0.160644E+01  0.155465E+01
  0.150285E+01  0.145105E+01  0.139924E+01  0.134744E+01  0.129563E+01
  0.124382E+01  0.119201E+01  0.114021E+01  0.108839E+01  0.103658E+01
  0.984770E+00  0.932960E+00  0.881150E+00  0.829340E+00  0.777540E+00
  0.725730E+00  0.673930E+00  0.622140E+00  0.570350E+00  0.518570E+00
  0.217605E+01  0.212428E+01  0.207251E+01  0.202074E+01  0.196896E+01
  0.191718E+01  0.186540E+01  0.181361E+01  0.176182E+01  0.171003E+01
  0.165824E+01  0.160644E+01  0.155465E+01  0.150285E+01  0.145105E+01
  0.139924E+01  0.134744E+01  0.129563E+01  0.124382E+01  0.119201E+01
  0.114021E+01  0.108839E+01  0.103658E+01  0.984770E+00  0.932960E+00
  0.881150E+00  0.829340E+00  0.777540E+00  0.725730E+00  0.673930E+00
  0.622140E+00  0.570350E+00  0.518570E+00  0.217605E+01  0.212428E+01
  0.207251E+01  0.202074E+01  0.196896E+01  0.191718E+01  0.186540E+01
  0.181361E+01  0.176182E+01  0.171003E+01  0.165824E+01  0.160644E+01
  0.155465E+01  0.150285E+01  0.145105E+01  0.139924E+01  0.134744E+01
  0.129563E+01  0.124382E+01  0.119201E+01  0.114021E+01  0.108839E+01
  0.103658E+01  0.984770E+00  0.932960E+00  0.881150E+00  0.829340E+00
  0.777540E+00  0.725730E+00  0.673930E+00  0.622140E+00  0.570350E+00
  0.518570E+00  0.217605E+01  0.212428E+01  0.207251E+01  0.202074E+01
  0.196896E+01  0.191718E+01  0.186540E+01  0.181361E+01  0.176182E+01
  0.171003E+01  0.165824E+01  0.160644E+01  0.155465E+01  0.150285E+01
  0.145105E+01  0.139924E+01  0.134744E+01  0.129563E+01  0.124382E+01
  0.119201E+01  0.114021E+01  0.108839E+01  0.103658E+01  0.984770E+00
  0.932960E+00  0.881150E+00  0.829340E+00  0.777540E+00  0.725730E+00
  0.673930E+00  0.622140E+00  0.570350E+00  0.518570E+00  0.217605E+01
  0.212428E+01  0.207251E+01  0.202074E+01  0.196896E+01  0.191718E+01
  0.186540E+01  0.181361E+01  0.176182E+01  0.171003E+01  0.165824E+01
  0.160644E+01  0.155465E+01  0.150285E+01  0.145105E+01  0.139924E+01
  0.134744E+01  0.129563E+01  0.124382E+01  0.119201E+01  0.114021E+01
  0.108839E+01  0.103658E+01  0.984770E+00  0.932960E+00  0.881150E+00
  0.829340E+00  0.777540E+00  0.725730E+00  0.673930E+00  0.622140E+00
  0.570350E+00  0.518570E+00  0.217605E+01  0.212428E+01  0.207251E+01
  0.202074E+01  0.196896E+01  0.191718E+01  0.186540E+01  0.181361E+01
  0.176182E+01  0.171003E+01  0.165824E+01  0.160644E+01  0.155465E+01
  0.150285E+01  0.145105E+01  0.139924E+01  0.134744E+01  0.129563E+01
  0.124382E+01  0.119201E+01  0.114021E+01  0.108839E+01  0.103658E+01
  0.984770E+00  0.932960E+00  0.881150E+00  0.829340E+00  0.777540E+00
  0.725730E+00  0.673930E+00  0.622140E+00  0.570350E+00  0.518570E+00
  0.217605E+01  0.212428E+01  0.207251E+01  0.202074E+01  0.196896E+01
  0.191718E+01  0.186540E+01  0.181361E+01  0.176182E+01  0.171003E+01
  0.165824E+01  0.160644E+01  0.155465E+01  0.150285E+01  0.145105E+01
  0.139924E+01  0.134744E+01  0.129563E+01  0.124382E+01  0.119201E+01
  0.114021E+01  0.108839E+01  0.103658E+01  0.984770E+00  0.932960E+00
  0.881150E+00  0.829340E+00  0.777540E+00  0.725730E+00  0.673930E+00
  0.622140E+00  0.570350E+00  0.518570E+00  0.217605E+01  0.212428E+01
  0.207251E+01  0.202074E+01  0.196896E+01  0.191718E+01  0.186540E+01
  0.181361E+01  0.176182E+01  0.171003E+01  0.165824E+01  0.160644E+01
  0.155465E+01  0.150285E+01  0.145105E+01  0.139924E+01  0.134744E+01
  0.129563E+01  0.124382E+01  0.119201E+01  0.114021E+01  0.108839E+01
  0.103658E+01  0.984770E+00  0.932960E+00  0.881150E+00  0.829340E+00
  0.777540E+00  0.725730E+00  0.673930E+00  0.622140E+00  0.570350E+00
  0.518570E+00  0.516790E+01  0.506541E+01  0.496370E+01  0.486276E+01
  0.476259E+01  0.466318E+01  0.456453E+01  0.446661E+01  0.436944E+01
  0.427301E+01  0.417730E+01  0.408231E+01  0.398804E+01  0.389449E+01
  0.380164E+01  0.370949E+01  0.361804E+01  0.352728E+01  0.518922E+01
  0.508665E+01  0.498485E+01  0.488383E+01  0.478358E+01  0.468408E+01
  0.458534E+01  0.448735E+01  0.439009E+01  0.429357E+01  0.419778E+01
  0.410272E+01  0.400836E+01  0.391472E+01  0.382179E+01  0.372956E+01
  0.363802E+01  0.354718E+01  0.800914E+01  0.789490E+01  0.778160E+01
  0.766923E+01  0.755778E+01  0.744723E+01  0.733759E+01  0.722883E+01
  0.712095E+01  0.701394E+01  0.690779E+01  0.680249E+01  0.669802E+01
  0.659440E+01  0.649159E+01  0.638960E+01  0.628842E+01  0.618803E+01
  0.113891E+02  0.112494E+02  0.111111E+02  0.109742E+02  0.108387E+02
  0.107044E+02  0.105715E+02  0.104398E+02  0.103095E+02  0.101804E+02
  0.100525E+02  0.992587E+01  0.980045E+01  0.967622E+01  0.955316E+01
  0.943127E+01  0.931053E+01  0.919091E+01  0.112578E+02  0.111187E+02
  0.109811E+02  0.108448E+02  0.107099E+02  0.105763E+02  0.104440E+02
  0.103130E+02  0.101833E+02  0.100548E+02  0.992753E+01  0.980151E+01
  0.967669E+01  0.955306E+01  0.943060E+01  0.930930E+01  0.918915E+01
  0.907012E+01  0.112133E+02  0.110745E+02  0.109371E+02  0.108010E+02
  0.106663E+02  0.105329E+02  0.104009E+02  0.102701E+02  0.101405E+02
  0.100123E+02  0.988522E+01  0.975940E+01  0.963478E+01  0.951136E+01
  0.938910E+01  0.926800E+01  0.914805E+01  0.902922E+01  0.112902E+02
  0.111510E+02  0.110132E+02  0.108768E+02  0.107417E+02  0.106080E+02
  0.104755E+02  0.103443E+02  0.102144E+02  0.100858E+02  0.995840E+01
  0.983222E+01  0.970725E+01  0.958347E+01  0.946087E+01  0.933942E+01
  0.921912E+01  0.909995E+01  0.113804E+02  0.112407E+02  0.111025E+02
  0.109656E+02  0.108301E+02  0.106959E+02  0.105630E+02  0.104314E+02
  0.103011E+02  0.101720E+02  0.100442E+02  0.991758E+01  0.979220E+01
  0.966800E+01  0.954499E+01  0.942314E+01  0.930243E+01  0.918286E+01
  0.147400E+02  0.145585E+02  0.143793E+02  0.142024E+02  0.140277E+02
  0.138552E+02  0.136848E+02  0.135165E+02  0.133503E+02  0.131862E+02
  0.130240E+02  0.128638E+02  0.127055E+02  0.125492E+02  0.123947E+02
  0.122420E+02  0.120911E+02  0.119421E+02  0.146337E+02  0.144530E+02
  0.142745E+02  0.140982E+02  0.139242E+02  0.137523E+02  0.135826E+02
  0.134150E+02  0.132494E+02  0.130858E+02  0.129243E+02  0.127647E+02
  0.126071E+02  0.124513E+02  0.122974E+02  0.121453E+02  0.119951E+02
  0.118466E+02  0.145028E+02  0.143229E+02  0.141452E+02  0.139698E+02
  0.137965E+02  0.136255E+02  0.134565E+02  0.132897E+02  0.131249E+02
  0.129622E+02  0.128014E+02  0.126426E+02  0.124857E+02  0.123306E+02
  0.121775E+02  0.120261E+02  0.118766E+02  0.117288E+02  0.145527E+02
  0.143724E+02  0.141945E+02  0.140187E+02  0.138452E+02  0.136738E+02
  0.135046E+02  0.133375E+02  0.131724E+02  0.130093E+02  0.128482E+02
  0.126891E+02  0.125319E+02  0.123766E+02  0.122232E+02  0.120716E+02
  0.119218E+02  0.117737E+02  0.146276E+02  0.144468E+02  0.142684E+02
  0.140922E+02  0.139182E+02  0.137464E+02  0.135767E+02  0.134091E+02
  0.132435E+02  0.130800E+02  0.129185E+02  0.127590E+02  0.126013E+02
  0.124456E+02  0.122917E+02  0.121397E+02  0.119895E+02  0.118410E+02
  0.223000E+02  0.220290E+02  0.217629E+02  0.215015E+02  0.212448E+02
  0.209927E+02  0.207450E+02  0.205016E+02  0.202625E+02  0.200274E+02
  0.197964E+02  0.195694E+02  0.193461E+02  0.191266E+02  0.189108E+02
  0.186986E+02  0.184898E+02  0.182845E+02  0.222359E+02  0.219655E+02
  0.217000E+02  0.214392E+02  0.211831E+02  0.209315E+02  0.206843E+02
  0.204415E+02  0.202029E+02  0.199684E+02  0.197379E+02  0.195113E+02
  0.192886E+02  0.190696E+02  0.188543E+02  0.186425E+02  0.184342E+02
  0.182293E+02  0.221628E+02  0.218930E+02  0.216281E+02  0.213680E+02
  0.211125E+02  0.208616E+02  0.206150E+02  0.203728E+02  0.201348E+02
  0.199009E+02  0.196710E+02  0.194450E+02  0.192229E+02  0.190044E+02
  0.187897E+02  0.185784E+02  0.183707E+02  0.181664E+02  0.221526E+02
  0.218830E+02  0.216182E+02  0.213581E+02  0.211028E+02  0.208519E+02
  0.206054E+02  0.203633E+02  0.201254E+02  0.198916E+02  0.196617E+02
  0.194358E+02  0.192138E+02  0.189954E+02  0.187807E+02  0.185696E+02
  0.183619E+02  0.181576E+02  0.221775E+02  0.219077E+02  0.216426E+02
  0.213824E+02  0.211268E+02  0.208757E+02  0.206290E+02  0.203867E+02
  0.201486E+02  0.199145E+02  0.196845E+02  0.194584E+02  0.192362E+02
  0.190176E+02  0.188027E+02  0.185914E+02  0.183836E+02  0.181791E+02
  0.221429E+02  0.218733E+02  0.216086E+02  0.213487E+02  0.210934E+02
  0.208426E+02  0.205962E+02  0.203542E+02  0.201163E+02  0.198826E+02
  0.196528E+02  0.194270E+02  0.192050E+02  0.189868E+02  0.187721E+02
  0.185611E+02  0.183535E+02  0.181493E+02  0.290964E+02  0.287447E+02
  0.284009E+02  0.280650E+02  0.277365E+02  0.274153E+02  0.271012E+02
  0.267939E+02  0.264933E+02  0.261991E+02  0.259111E+02  0.256292E+02
  0.253533E+02  0.250830E+02  0.248183E+02  0.245590E+02  0.243050E+02
  0.240561E+02  0.290970E+02  0.287453E+02  0.284015E+02  0.280655E+02
  0.277371E+02  0.274159E+02  0.271017E+02  0.267945E+02  0.264938E+02
  0.261996E+02  0.259116E+02  0.256298E+02  0.253538E+02  0.250835E+02
  0.248188E+02  0.245595E+02  0.243055E+02  0.240566E+02  0.289496E+02
  0.285996E+02  0.282575E+02  0.279231E+02  0.275963E+02  0.272767E+02
  0.269641E+02  0.266583E+02  0.263592E+02  0.260665E+02  0.257800E+02
  0.254995E+02  0.252250E+02  0.249561E+02  0.246928E+02  0.244348E+02
  0.241821E+02  0.239344E+02  0.289919E+02  0.286414E+02  0.282989E+02
  0.279641E+02  0.276367E+02  0.273167E+02  0.270037E+02  0.266975E+02
  0.263979E+02  0.261047E+02  0.258178E+02  0.255370E+02  0.252620E+02
  0.249927E+02  0.247290E+02  0.244706E+02  0.242175E+02  0.239695E+02
  0.289412E+02  0.285913E+02  0.282493E+02  0.279151E+02  0.275883E+02
  0.272688E+02  0.269563E+02  0.266507E+02  0.263516E+02  0.260590E+02
  0.257726E+02  0.254922E+02  0.252177E+02  0.249489E+02  0.246856E+02
  0.244277E+02  0.241751E+02  0.239275E+02  0.290970E+02  0.287453E+02
  0.284015E+02  0.280655E+02  0.277371E+02  0.274159E+02  0.271017E+02
  0.267945E+02  0.264938E+02  0.261996E+02  0.259116E+02  0.256298E+02
  0.253538E+02  0.250835E+02  0.248188E+02  0.245595E+02  0.243055E+02
  0.240566E+02  0.404778E+02  0.398009E+02  0.391421E+02  0.385009E+02
  0.378766E+02  0.372688E+02  0.366771E+02  0.361007E+02  0.355394E+02
  0.349926E+02  0.344599E+02  0.339407E+02  0.334347E+02  0.329415E+02
  0.324606E+02  0.319917E+02  0.315343E+02  0.310882E+02  0.405530E+02
  0.398751E+02  0.392153E+02  0.385730E+02  0.379478E+02  0.373390E+02
  0.367463E+02  0.361690E+02  0.356067E+02  0.350590E+02  0.345253E+02
  0.340052E+02  0.334983E+02  0.330042E+02  0.325225E+02  0.320527E+02
  0.315946E+02  0.311476E+02  0.401528E+02  0.394804E+02  0.388260E+02
  0.381891E+02  0.375692E+02  0.369657E+02  0.363781E+02  0.358059E+02
  0.352487E+02  0.347059E+02  0.341772E+02  0.336619E+02  0.331598E+02
  0.326704E+02  0.321932E+02  0.317279E+02  0.312742E+02  0.308316E+02
  0.403609E+02  0.396856E+02  0.390284E+02  0.383887E+02  0.377660E+02
  0.371598E+02  0.365695E+02  0.359947E+02  0.354348E+02  0.348895E+02
  0.343581E+02  0.338404E+02  0.333358E+02  0.328439E+02  0.323644E+02
  0.318968E+02  0.314407E+02  0.309959E+02  0.403998E+02  0.397240E+02
  0.390662E+02  0.384260E+02  0.378028E+02  0.371961E+02  0.366053E+02
  0.360300E+02  0.354697E+02  0.349238E+02  0.343920E+02  0.338738E+02
  0.333687E+02  0.328764E+02  0.323964E+02  0.319284E+02  0.314719E+02
  0.310266E+02  0.403234E+02  0.396487E+02  0.389919E+02  0.383527E+02
  0.377306E+02  0.371248E+02  0.365350E+02  0.359607E+02  0.354013E+02
  0.348564E+02  0.343256E+02  0.338083E+02  0.333041E+02  0.328127E+02
  0.323336E+02  0.318664E+02  0.314108E+02  0.309663E+02  0.528581E+01
  0.518285E+01  0.508068E+01  0.497928E+01  0.487865E+01  0.477878E+01
  0.467966E+01  0.458129E+01  0.448367E+01  0.438677E+01  0.429061E+01
  0.419517E+01  0.410045E+01  0.400643E+01  0.391313E+01  0.382052E+01
  0.372862E+01  0.363740E+01  0.520737E+01  0.510472E+01  0.500285E+01
  0.490176E+01  0.480144E+01  0.470187E+01  0.460306E+01  0.450500E+01
  0.440767E+01  0.431108E+01  0.421522E+01  0.412008E+01  0.402566E+01
  0.393195E+01  0.383895E+01  0.374665E+01  0.365504E+01  0.356413E+01
  0.800914E+01  0.789490E+01  0.778160E+01  0.766923E+01  0.755778E+01
  0.744723E+01  0.733759E+01  0.722883E+01  0.712095E+01  0.701394E+01
  0.690779E+01  0.680249E+01  0.669802E+01  0.659440E+01  0.649159E+01
  0.638960E+01  0.628842E+01  0.618803E+01  0.114447E+02  0.113048E+02
  0.111662E+02  0.110290E+02  0.108932E+02  0.107587E+02  0.106255E+02
  0.104936E+02  0.103629E+02  0.102336E+02  0.101054E+02  0.997855E+01
  0.985286E+01  0.972838E+01  0.960507E+01  0.948293E+01  0.936193E+01
  0.924207E+01  0.114601E+02  0.113201E+02  0.111815E+02  0.110442E+02
  0.109083E+02  0.107737E+02  0.106404E+02  0.105084E+02  0.103778E+02
  0.102483E+02  0.101201E+02  0.999315E+01  0.986740E+01  0.974284E+01
  0.961946E+01  0.949725E+01  0.937619E+01  0.925626E+01  0.114618E+02
  0.113218E+02  0.111832E+02  0.110459E+02  0.109100E+02  0.107754E+02
  0.106421E+02  0.105101E+02  0.103794E+02  0.102499E+02  0.101217E+02
  0.999475E+01  0.986899E+01  0.974443E+01  0.962104E+01  0.949882E+01
  0.937775E+01  0.925782E+01  0.114486E+02  0.113086E+02  0.111701E+02
  0.110329E+02  0.108970E+02  0.107625E+02  0.106292E+02  0.104973E+02
  0.103667E+02  0.102373E+02  0.101091E+02  0.998222E+01  0.985652E+01
  0.973201E+01  0.960869E+01  0.948653E+01  0.936552E+01  0.924564E+01
  0.147579E+02  0.145764E+02  0.143971E+02  0.142201E+02  0.140452E+02
  0.138726E+02  0.137021E+02  0.135337E+02  0.133674E+02  0.132032E+02
  0.130409E+02  0.128806E+02  0.127222E+02  0.125657E+02  0.124111E+02
  0.122584E+02  0.121074E+02  0.119583E+02  0.146337E+02  0.144530E+02
  0.142745E+02  0.140982E+02  0.139242E+02  0.137523E+02  0.135826E+02
  0.134150E+02  0.132494E+02  0.130858E+02  0.129243E+02  0.127647E+02
  0.126071E+02  0.124513E+02  0.122974E+02  0.121453E+02  0.119951E+02
  0.118466E+02  0.147430E+02  0.145616E+02  0.143824E+02  0.142054E+02
  0.140307E+02  0.138582E+02  0.136878E+02  0.135195E+02  0.133533E+02
  0.131891E+02  0.130269E+02  0.128667E+02  0.127084E+02  0.125520E+02
  0.123975E+02  0.122448E+02  0.120939E+02  0.119448E+02  0.148384E+02
  0.146563E+02  0.144765E+02  0.142990E+02  0.141237E+02  0.139505E+02
  0.137796E+02  0.136107E+02  0.134439E+02  0.132792E+02  0.131164E+02
  0.129556E+02  0.127968E+02  0.126399E+02  0.124848E+02  0.123316E+02
  0.121802E+02  0.120306E+02  0.147702E+02  0.145885E+02  0.144092E+02
  0.142320E+02  0.140572E+02  0.138845E+02  0.137139E+02  0.135455E+02
  0.133791E+02  0.132147E+02  0.130524E+02  0.128920E+02  0.127336E+02
  0.125770E+02  0.124223E+02  0.122695E+02  0.121185E+02  0.119692E+02
  0.223133E+02  0.220422E+02  0.217759E+02  0.215145E+02  0.212577E+02
  0.210054E+02  0.207576E+02  0.205141E+02  0.202749E+02  0.200397E+02
  0.198086E+02  0.195814E+02  0.193581E+02  0.191385E+02  0.189226E+02
  0.187102E+02  0.185014E+02  0.182959E+02  0.222359E+02  0.219655E+02
  0.217000E+02  0.214392E+02  0.211831E+02  0.209315E+02  0.206843E+02
  0.204415E+02  0.202029E+02  0.199684E+02  0.197379E+02  0.195113E+02
  0.192886E+02  0.190696E+02  0.188543E+02  0.186425E+02  0.184342E+02
  0.182293E+02  0.222445E+02  0.219740E+02  0.217084E+02  0.214475E+02
  0.211913E+02  0.209397E+02  0.206924E+02  0.204495E+02  0.202108E+02
  0.199762E+02  0.197457E+02  0.195191E+02  0.192963E+02  0.190772E+02
  0.188618E+02  0.186500E+02  0.184416E+02  0.182367E+02  0.221593E+02
  0.218895E+02  0.216247E+02  0.213646E+02  0.211092E+02  0.208582E+02
  0.206117E+02  0.203696E+02  0.201316E+02  0.198977E+02  0.196678E+02
  0.194419E+02  0.192197E+02  0.190014E+02  0.187866E+02  0.185754E+02
  0.183677E+02  0.181634E+02  0.220927E+02  0.218236E+02  0.215594E+02
  0.212999E+02  0.210450E+02  0.207947E+02  0.205487E+02  0.203071E+02
  0.200697E+02  0.198363E+02  0.196070E+02  0.193816E+02  0.191600E+02
  0.189421E+02  0.187279E+02  0.185172E+02  0.183100E+02  0.181061E+02
  0.220731E+02  0.218041E+02  0.215401E+02  0.212808E+02  0.210261E+02
  0.207759E+02  0.205301E+02  0.202887E+02  0.200514E+02  0.198182E+02
  0.195891E+02  0.193638E+02  0.191423E+02  0.189246E+02  0.187105E+02
  0.185000E+02  0.182929E+02  0.180892E+02  0.291545E+02  0.288021E+02
  0.284578E+02  0.281211E+02  0.277920E+02  0.274702E+02  0.271555E+02
  0.268476E+02  0.265463E+02  0.262516E+02  0.259631E+02  0.256806E+02
  0.254041E+02  0.251333E+02  0.248681E+02  0.246082E+02  0.243537E+02
  0.241042E+02  0.290970E+02  0.287453E+02  0.284015E+02  0.280655E+02
  0.277371E+02  0.274159E+02  0.271017E+02  0.267945E+02  0.264938E+02
  0.261996E+02  0.259116E+02  0.256298E+02  0.253538E+02  0.250835E+02
  0.248188E+02  0.245595E+02  0.243055E+02  0.240566E+02  0.290225E+02
  0.286716E+02  0.283287E+02  0.279936E+02  0.276659E+02  0.273455E+02
  0.270322E+02  0.267257E+02  0.264258E+02  0.261323E+02  0.258451E+02
  0.255640E+02  0.252887E+02  0.250191E+02  0.247551E+02  0.244965E+02
  0.242431E+02  0.239948E+02  0.289418E+02  0.285919E+02  0.282499E+02
  0.279157E+02  0.275889E+02  0.272694E+02  0.269569E+02  0.266512E+02
  0.263521E+02  0.260595E+02  0.257731E+02  0.254927E+02  0.252182E+02
  0.249494E+02  0.246861E+02  0.244282E+02  0.241756E+02  0.239280E+02
  0.288426E+02  0.284939E+02  0.281530E+02  0.278199E+02  0.274942E+02
  0.271757E+02  0.268643E+02  0.265596E+02  0.262616E+02  0.259699E+02
  0.256845E+02  0.254051E+02  0.251315E+02  0.248636E+02  0.246013E+02
  0.243443E+02  0.240925E+02  0.238458E+02  0.288734E+02  0.285243E+02
  0.281831E+02  0.278496E+02  0.275235E+02  0.272048E+02  0.268930E+02
  0.265880E+02  0.262896E+02  0.259977E+02  0.257120E+02  0.254322E+02
  0.251584E+02  0.248902E+02  0.246276E+02  0.243703E+02  0.241183E+02
  0.238713E+02  0.404444E+02  0.397680E+02  0.391096E+02  0.384688E+02
  0.378450E+02  0.372377E+02  0.366463E+02  0.360705E+02  0.355095E+02
  0.349632E+02  0.344308E+02  0.339120E+02  0.334065E+02  0.329136E+02
  0.324331E+02  0.319646E+02  0.315076E+02  0.310618E+02  0.405530E+02
  0.398751E+02  0.392153E+02  0.385730E+02  0.379478E+02  0.373390E+02
  0.367463E+02  0.361690E+02  0.356067E+02  0.350590E+02  0.345253E+02
  0.340052E+02  0.334983E+02  0.330042E+02  0.325225E+02  0.320527E+02
  0.315946E+02  0.311476E+02  0.402867E+02  0.396124E+02  0.389562E+02
  0.383175E+02  0.376958E+02  0.370905E+02  0.365012E+02  0.359274E+02
  0.353684E+02  0.348240E+02  0.342936E+02  0.337767E+02  0.332730E+02
  0.327820E+02  0.323033E+02  0.318366E+02  0.313813E+02  0.309373E+02
  0.401067E+02  0.394348E+02  0.387811E+02  0.381448E+02  0.375255E+02
  0.369226E+02  0.363356E+02  0.357641E+02  0.352074E+02  0.346652E+02
  0.341370E+02  0.336223E+02  0.331208E+02  0.326319E+02  0.321552E+02
  0.316905E+02  0.312373E+02  0.307952E+02  0.400729E+02  0.394015E+02
  0.387482E+02  0.381124E+02  0.374935E+02  0.368911E+02  0.363046E+02
  0.357334E+02  0.351772E+02  0.346354E+02  0.341076E+02  0.335934E+02
  0.330922E+02  0.326037E+02  0.321274E+02  0.316631E+02  0.312102E+02
  0.307685E+02  0.400896E+02  0.394180E+02  0.387645E+02  0.381284E+02
  0.375094E+02  0.369067E+02  0.363200E+02  0.357486E+02  0.351922E+02
  0.346502E+02  0.341222E+02  0.336077E+02  0.331063E+02  0.326176E+02
  0.321412E+02  0.316767E+02  0.312236E+02  0.307817E+02
  Detector azimuthal scattering angles
  0.000000E+00  0.000000E+00  0.000000E+00  0.000000E+00  0.000000E+00
  0.000000E+00  0.000000E+00  0.000000E+00  0.000000E+00 -0.552670E+02
 -0.552670E+02 -0.552670E+02 -0.552670E+02 -0.552670E+02 -0.552670E+02
 -0.552670E+02 -0.552670E+02 -0.552670E+02 -0.552670E+02 -0.552670E+02
 -0.552670E+02 -0.552670E+02 -0.552670E+02 -0.552670E+02 -0.552670E+02
 -0.552670E+02 -0.552670E+02 -0.552670E+02 -0.552670E+02 -0.552670E+02
 -0.552670E+02 -0.552670E+02 -0.552670E+02 -0.552670E+02 -0.552670E+02
 -0.552670E+02 -0.552670E+02 -0.552670E+02 -0.552670E+02 -0.552670E+02
 -0.552670E+02 -0.552670E+02 -0.691600E+02 -0.691600E+02 -0.691600E+02
 -0.691600E+02 -0.691600E+02 -0.691600E+02 -0.691600E+02 -0.691600E+02
 -0.691600E+02 -0.691600E+02 -0.691600E+02 -0.691600E+02 -0.691600E+02
 -0.691600E+02 -0.691600E+02 -0.691600E+02 -0.691600E+02 -0.691600E+02
 -0.691600E+02 -0.691600E+02 -0.691600E+02 -0.691600E+02 -0.691600E+02
 -0.691600E+02 -0.691600E+02 -0.691600E+02 -0.691600E+02 -0.691600E+02
 -0.691600E+02 -0.691600E+02 -0.691600E+02 -0.691600E+02 -0.691600E+02
 -0.830530E+02 -0.830530E+02 -0.830530E+02 -0.830530E+02 -0.830530E+02
 -0.830530E+02 -0.830530E+02 -0.830530E+02 -0.830530E+02 -0.830530E+02
 -0.830530E+02 -0.830530E+02 -0.830530E+02 -0.830530E+02 -0.830530E+02
 -0.830530E+02 -0.830530E+02 -0.830530E+02 -0.830530E+02 -0.830530E+02
 -0.830530E+02 -0.830530E+02 -0.830530E+02 -0.830530E+02 -0.830530E+02
 -0.830530E+02 -0.830530E+02 -0.830530E+02 -0.830530E+02 -0.830530E+02
 -0.830530E+02 -0.830530E+02 -0.830530E+02  0.263053E+03  0.263053E+03
  0.263053E+03  0.263053E+03  0.263053E+03  0.263053E+03  0.263053E+03
  0.263053E+03  0.263053E+03  0.263053E+03  0.263053E+03  0.263053E+03
  0.263053E+03  0.263053E+03  0.263053E+03  0.263053E+03  0.263053E+03
  0.263053E+03  0.263053E+03  0.263053E+03  0.263053E+03  0.263053E+03
  0.263053E+03  0.263053E+03  0.263053E+03  0.263053E+03  0.263053E+03
  0.263053E+03  0.263053E+03  0.263053E+03  0.263053E+03  0.263053E+03
  0.263053E+03  0.249160E+03  0.249160E+03  0.249160E+03  0.249160E+03
  0.249160E+03  0.249160E+03  0.249160E+03  0.249160E+03  0.249160E+03
  0.249160E+03  0.249160E+03  0.249160E+03  0.249160E+03  0.249160E+03
  0.249160E+03  0.249160E+03  0.249160E+03  0.249160E+03  0.249160E+03
  0.249160E+03  0.249160E+03  0.249160E+03  0.249160E+03  0.249160E+03
  0.249160E+03  0.249160E+03  0.249160E+03  0.249160E+03  0.249160E+03
  0.249160E+03  0.249160E+03  0.249160E+03  0.249160E+03  0.235267E+03
  0.235267E+03  0.235267E+03  0.235267E+03  0.235267E+03  0.235267E+03
  0.235267E+03  0.235267E+03  0.235267E+03  0.235267E+03  0.235267E+03
  0.235267E+03  0.235267E+03  0.235267E+03  0.235267E+03  0.235267E+03
  0.235267E+03  0.235267E+03  0.235267E+03  0.235267E+03  0.235267E+03
  0.235267E+03  0.235267E+03  0.235267E+03  0.235267E+03  0.235267E+03
  0.235267E+03  0.235267E+03  0.235267E+03  0.235267E+03  0.235267E+03
  0.235267E+03  0.235267E+03  0.214733E+03  0.214733E+03  0.214733E+03
  0.214733E+03  0.214733E+03  0.214733E+03  0.214733E+03  0.214733E+03
  0.214733E+03  0.214733E+03  0.214733E+03  0.214733E+03  0.214733E+03
  0.214733E+03  0.214733E+03  0.214733E+03  0.214733E+03  0.214733E+03
  0.214733E+03  0.214733E+03  0.214733E+03  0.214733E+03  0.214733E+03
  0.214733E+03  0.214733E+03  0.214733E+03  0.214733E+03  0.214733E+03
  0.214733E+03  0.214733E+03  0.214733E+03  0.214733E+03  0.214733E+03
  0.200840E+03  0.200840E+03  0.200840E+03  0.200840E+03  0.200840E+03
  0.200840E+03  0.200840E+03  0.200840E+03  0.200840E+03  0.200840E+03
  0.200840E+03  0.200840E+03  0.200840E+03  0.200840E+03  0.200840E+03
  0.200840E+03  0.200840E+03  0.200840E+03  0.200840E+03  0.200840E+03
  0.200840E+03  0.200840E+03  0.200840E+03  0.200840E+03  0.200840E+03
  0.200840E+03  0.200840E+03  0.200840E+03  0.200840E+03  0.200840E+03
  0.200840E+03  0.200840E+03  0.200840E+03  0.186947E+03  0.186947E+03
  0.186947E+03  0.186947E+03  0.186947E+03  0.186947E+03  0.186947E+03
  0.186947E+03  0.186947E+03  0.186947E+03  0.186947E+03  0.186947E+03
  0.186947E+03  0.186947E+03  0.186947E+03  0.186947E+03  0.186947E+03
  0.186947E+03  0.186947E+03  0.186947E+03  0.186947E+03  0.186947E+03
  0.186947E+03  0.186947E+03  0.186947E+03  0.186947E+03  0.186947E+03
  0.186947E+03  0.186947E+03  0.186947E+03  0.186947E+03  0.186947E+03
  0.186947E+03  0.173053E+03  0.173053E+03  0.173053E+03  0.173053E+03
  0.173053E+03  0.173053E+03  0.173053E+03  0.173053E+03  0.173053E+03
  0.173053E+03  0.173053E+03  0.173053E+03  0.173053E+03  0.173053E+03
  0.173053E+03  0.173053E+03  0.173053E+03  0.173053E+03  0.173053E+03
  0.173053E+03  0.173053E+03  0.173053E+03  0.173053E+03  0.173053E+03
  0.173053E+03  0.173053E+03  0.173053E+03  0.173053E+03  0.173053E+03
  0.173053E+03  0.173053E+03  0.173053E+03  0.173053E+03  0.159160E+03
  0.159160E+03  0.159160E+03  0.159160E+03  0.159160E+03  0.159160E+03
  0.159160E+03  0.159160E+03  0.159160E+03  0.159160E+03  0.159160E+03
  0.159160E+03  0.159160E+03  0.159160E+03  0.159160E+03  0.159160E+03
  0.159160E+03  0.159160E+03  0.159160E+03  0.159160E+03  0.159160E+03
  0.159160E+03  0.159160E+03  0.159160E+03  0.159160E+03  0.159160E+03
  0.159160E+03  0.159160E+03  0.159160E+03  0.159160E+03  0.159160E+03
  0.159160E+03  0.159160E+03  0.145267E+03  0.145267E+03  0.145267E+03
  0.145267E+03  0.145267E+03  0.145267E+03  0.145267E+03  0.145267E+03
  0.145267E+03  0.145267E+03  0.145267E+03  0.145267E+03  0.145267E+03
  0.145267E+03  0.145267E+03  0.145267E+03  0.145267E+03  0.145267E+03
  0.145267E+03  0.145267E+03  0.145267E+03  0.145267E+03  0.145267E+03
  0.145267E+03  0.145267E+03  0.145267E+03  0.145267E+03  0.145267E+03
  0.145267E+03  0.145267E+03  0.145267E+03  0.145267E+03  0.145267E+03
  0.124733E+03  0.124733E+03  0.124733E+03  0.124733E+03  0.124733E+03
  0.124733E+03  0.124733E+03  0.124733E+03  0.124733E+03  0.124733E+03
  0.124733E+03  0.124733E+03  0.124733E+03  0.124733E+03  0.124733E+03
  0.124733E+03  0.124733E+03  0.124733E+03  0.124733E+03  0.124733E+03
  0.124733E+03  0.124733E+03  0.124733E+03  0.124733E+03  0.124733E+03
  0.124733E+03  0.124733E+03  0.124733E+03  0.124733E+03  0.124733E+03
  0.124733E+03  0.124733E+03  0.124733E+03  0.110840E+03  0.110840E+03
  0.110840E+03  0.110840E+03  0.110840E+03  0.110840E+03  0.110840E+03
  0.110840E+03  0.110840E+03  0.110840E+03  0.110840E+03  0.110840E+03
  0.110840E+03  0.110840E+03  0.110840E+03  0.110840E+03  0.110840E+03
  0.110840E+03  0.110840E+03  0.110840E+03  0.110840E+03  0.110840E+03
  0.110840E+03  0.110840E+03  0.110840E+03  0.110840E+03  0.110840E+03
  0.110840E+03  0.110840E+03  0.110840E+03  0.110840E+03  0.110840E+03
  0.110840E+03  0.969470E+02  0.969470E+02  0.969470E+02  0.969470E+02
  0.969470E+02  0.969470E+02  0.969470E+02  0.969470E+02  0.969470E+02
  0.969470E+02  0.969470E+02  0.969470E+02  0.969470E+02  0.969470E+02
  0.969470E+02  0.969470E+02  0.969470E+02  0.969470E+02  0.969470E+02
  0.969470E+02  0.969470E+02  0.969470E+02  0.969470E+02  0.969470E+02
  0.969470E+02  0.969470E+02  0.969470E+02  0.969470E+02  0.969470E+02
  0.969470E+02  0.969470E+02  0.969470E+02  0.969470E+02  0.830530E+02
  0.830530E+02  0.830530E+02  0.830530E+02  0.830530E+02  0.830530E+02
  0.830530E+02  0.830530E+02  0.830530E+02  0.830530E+02  0.830530E+02
  0.830530E+02  0.830530E+02  0.830530E+02  0.830530E+02  0.830530E+02
  0.830530E+02  0.830530E+02  0.830530E+02  0.830530E+02  0.830530E+02
  0.830530E+02  0.830530E+02  0.830530E+02  0.830530E+02  0.830530E+02
  0.830530E+02  0.830530E+02  0.830530E+02  0.830530E+02  0.830530E+02
  0.830530E+02  0.830530E+02  0.691600E+02  0.691600E+02  0.691600E+02
  0.691600E+02  0.691600E+02  0.691600E+02  0.691600E+02  0.691600E+02
  0.691600E+02  0.691600E+02  0.691600E+02  0.691600E+02  0.691600E+02
  0.691600E+02  0.691600E+02  0.691600E+02  0.691600E+02  0.691600E+02
  0.691600E+02  0.691600E+02  0.691600E+02  0.691600E+02  0.691600E+02
  0.691600E+02  0.691600E+02  0.691600E+02  0.691600E+02  0.691600E+02
  0.691600E+02  0.691600E+02  0.691600E+02  0.691600E+02  0.691600E+02
  0.552670E+02  0.552670E+02  0.552670E+02  0.552670E+02  0.552670E+02
  0.552670E+02  0.552670E+02  0.552670E+02  0.552670E+02  0.552670E+02
  0.552670E+02  0.552670E+02  0.552670E+02  0.552670E+02  0.552670E+02
  0.552670E+02  0.552670E+02  0.552670E+02  0.552670E+02  0.552670E+02
  0.552670E+02  0.552670E+02  0.552670E+02  0.552670E+02  0.552670E+02
  0.552670E+02  0.552670E+02  0.552670E+02  0.552670E+02  0.552670E+02
  0.552670E+02  0.552670E+02  0.552670E+02  0.347330E+02  0.347330E+02
  0.347330E+02  0.347330E+02  0.347330E+02  0.347330E+02  0.347330E+02
  0.347330E+02  0.347330E+02  0.347330E+02  0.347330E+02  0.347330E+02
  0.347330E+02  0.347330E+02  0.347330E+02  0.347330E+02  0.347330E+02
  0.347330E+02  0.347330E+02  0.347330E+02  0.347330E+02  0.347330E+02
  0.347330E+02  0.347330E+02  0.347330E+02  0.347330E+02  0.347330E+02
  0.347330E+02  0.347330E+02  0.347330E+02  0.347330E+02  0.347330E+02
  0.347330E+02  0.208400E+02  0.208400E+02  0.208400E+02  0.208400E+02
  0.208400E+02  0.208400E+02  0.208400E+02  0.208400E+02  0.208400E+02
  0.208400E+02  0.208400E+02  0.208400E+02  0.208400E+02  0.208400E+02
  0.208400E+02  0.208400E+02  0.208400E+02  0.208400E+02  0.208400E+02
  0.208400E+02  0.208400E+02  0.208400E+02  0.208400E+02  0.208400E+02
  0.208400E+02  0.208400E+02  0.208400E+02  0.208400E+02  0.208400E+02
  0.208400E+02  0.208400E+02  0.208400E+02  0.208400E+02  0.694700E+01
  0.694700E+01  0.694700E+01  0.694700E+01  0.694700E+01  0.694700E+01
  0.694700E+01  0.694700E+01  0.694700E+01  0.694700E+01  0.694700E+01
  0.694700E+01  0.694700E+01  0.694700E+01  0.694700E+01  0.694700E+01
  0.694700E+01  0.694700E+01  0.694700E+01  0.694700E+01  0.694700E+01
  0.694700E+01  0.694700E+01  0.694700E+01  0.694700E+01  0.694700E+01
  0.694700E+01  0.694700E+01  0.694700E+01  0.694700E+01  0.694700E+01
  0.694700E+01  0.694700E+01 -0.694700E+01 -0.694700E+01 -0.694700E+01
 -0.694700E+01 -0.694700E+01 -0.694700E+01 -0.694700E+01 -0.694700E+01
 -0.694700E+01 -0.694700E+01 -0.694700E+01 -0.694700E+01 -0.694700E+01
 -0.694700E+01 -0.694700E+01 -0.694700E+01 -0.694700E+01 -0.694700E+01
 -0.694700E+01 -0.694700E+01 -0.694700E+01 -0.694700E+01 -0.694700E+01
 -0.694700E+01 -0.694700E+01 -0.694700E+01 -0.694700E+01 -0.694700E+01
 -0.694700E+01 -0.694700E+01 -0.694700E+01 -0.694700E+01 -0.694700E+01
 -0.208400E+02 -0.208400E+02 -0.208400E+02 -0.208400E+02 -0.208400E+02
 -0.208400E+02 -0.208400E+02 -0.208400E+02 -0.208400E+02 -0.208400E+02
 -0.208400E+02 -0.208400E+02 -0.208400E+02 -0.208400E+02 -0.208400E+02
 -0.208400E+02 -0.208400E+02 -0.208400E+02 -0.208400E+02 -0.208400E+02
 -0.208400E+02 -0.208400E+02 -0.208400E+02 -0.208400E+02 -0.208400E+02
 -0.208400E+02 -0.208400E+02 -0.208400E+02 -0.208400E+02 -0.208400E+02
 -0.208400E+02 -0.208400E+02 -0.208400E+02 -0.347330E+02 -0.347330E+02
 -0.347330E+02 -0.347330E+02 -0.347330E+02 -0.347330E+02 -0.347330E+02
 -0.347330E+02 -0.347330E+02 -0.347330E+02 -0.347330E+02 -0.347330E+02
 -0.347330E+02 -0.347330E+02 -0.347330E+02 -0.347330E+02 -0.347330E+02
 -0.347330E+02 -0.347330E+02 -0.347330E+02 -0.347330E+02 -0.347330E+02
 -0.347330E+02 -0.347330E+02 -0.347330E+02 -0.347330E+02 -0.347330E+02
 -0.347330E+02 -0.347330E+02 -0.347330E+02 -0.347330E+02 -0.347330E+02
 -0.347330E+02  0.180000E+03  0.180000E+03  0.180000E+03  0.180000E+03
  0.180000E+03  0.180000E+03  0.180000E+03  0.180000E+03  0.180000E+03
  0.180000E+03  0.180000E+03  0.180000E+03  0.180000E+03  0.180000E+03
  0.180000E+03  0.180000E+03  0.180000E+03  0.180000E+03  0.231420E+03
  0.231420E+03  0.231420E+03  0.231420E+03  0.231420E+03  0.231420E+03
  0.231420E+03  0.231420E+03  0.231420E+03  0.231420E+03  0.231420E+03
  0.231420E+03  0.231420E+03  0.231420E+03  0.231420E+03  0.231420E+03
  0.231420E+03  0.231420E+03  0.180000E+03  0.180000E+03  0.180000E+03
  0.180000E+03  0.180000E+03  0.180000E+03  0.180000E+03  0.180000E+03
  0.180000E+03  0.180000E+03  0.180000E+03  0.180000E+03  0.180000E+03
  0.180000E+03  0.180000E+03  0.180000E+03  0.180000E+03  0.180000E+03
  0.102870E+03  0.102870E+03  0.102870E+03  0.102870E+03  0.102870E+03
  0.102870E+03  0.102870E+03  0.102870E+03  0.102870E+03  0.102870E+03
  0.102870E+03  0.102870E+03  0.102870E+03  0.102870E+03  0.102870E+03
  0.102870E+03  0.102870E+03  0.102870E+03  0.154290E+03  0.154290E+03
  0.154290E+03  0.154290E+03  0.154290E+03  0.154290E+03  0.154290E+03
  0.154290E+03  0.154290E+03  0.154290E+03  0.154290E+03  0.154290E+03
  0.154290E+03  0.154290E+03  0.154290E+03  0.154290E+03  0.154290E+03
  0.154290E+03  0.180000E+03  0.180000E+03  0.180000E+03  0.180000E+03
  0.180000E+03  0.180000E+03  0.180000E+03  0.180000E+03  0.180000E+03
  0.180000E+03  0.180000E+03  0.180000E+03  0.180000E+03  0.180000E+03
  0.180000E+03  0.180000E+03  0.180000E+03  0.180000E+03  0.205710E+03
  0.205710E+03  0.205710E+03  0.205710E+03  0.205710E+03  0.205710E+03
  0.205710E+03  0.205710E+03  0.205710E+03  0.205710E+03  0.205710E+03
  0.205710E+03  0.205710E+03  0.205710E+03  0.205710E+03  0.205710E+03
  0.205710E+03  0.205710E+03  0.231420E+03  0.231420E+03  0.231420E+03
  0.231420E+03  0.231420E+03  0.231420E+03  0.231420E+03  0.231420E+03
  0.231420E+03  0.231420E+03  0.231420E+03  0.231420E+03  0.231420E+03
  0.231420E+03  0.231420E+03  0.231420E+03  0.231420E+03  0.231420E+03
  0.102870E+03  0.102870E+03  0.102870E+03  0.102870E+03  0.102870E+03
  0.102870E+03  0.102870E+03  0.102870E+03  0.102870E+03  0.102870E+03
  0.102870E+03  0.102870E+03  0.102870E+03  0.102870E+03  0.102870E+03
  0.102870E+03  0.102870E+03  0.102870E+03  0.154290E+03  0.154290E+03
  0.154290E+03  0.154290E+03  0.154290E+03  0.154290E+03  0.154290E+03
  0.154290E+03  0.154290E+03  0.154290E+03  0.154290E+03  0.154290E+03
  0.154290E+03  0.154290E+03  0.154290E+03  0.154290E+03  0.154290E+03
  0.154290E+03  0.180000E+03  0.180000E+03  0.180000E+03  0.180000E+03
  0.180000E+03  0.180000E+03  0.180000E+03  0.180000E+03  0.180000E+03
  0.180000E+03  0.180000E+03  0.180000E+03  0.180000E+03  0.180000E+03
  0.180000E+03  0.180000E+03  0.180000E+03  0.180000E+03  0.205710E+03
  0.205710E+03  0.205710E+03  0.205710E+03  0.205710E+03  0.205710E+03
  0.205710E+03  0.205710E+03  0.205710E+03  0.205710E+03  0.205710E+03
  0.205710E+03  0.205710E+03  0.205710E+03  0.205710E+03  0.205710E+03
  0.205710E+03  0.205710E+03  0.231420E+03  0.231420E+03  0.231420E+03
  0.231420E+03  0.231420E+03  0.231420E+03  0.231420E+03  0.231420E+03
  0.231420E+03  0.231420E+03  0.231420E+03  0.231420E+03  0.231420E+03
  0.231420E+03  0.231420E+03  0.231420E+03  0.231420E+03  0.231420E+03
  0.102870E+03  0.102870E+03  0.102870E+03  0.102870E+03  0.102870E+03
  0.102870E+03  0.102870E+03  0.102870E+03  0.102870E+03  0.102870E+03
  0.102870E+03  0.102870E+03  0.102870E+03  0.102870E+03  0.102870E+03
  0.102870E+03  0.102870E+03  0.102870E+03  0.128480E+03  0.128480E+03
  0.128480E+03  0.128480E+03  0.128480E+03  0.128480E+03  0.128480E+03
  0.128480E+03  0.128480E+03  0.128480E+03  0.128480E+03  0.128480E+03
  0.128480E+03  0.128480E+03  0.128480E+03  0.128480E+03  0.128480E+03
  0.128480E+03  0.154290E+03  0.154290E+03  0.154290E+03  0.154290E+03
  0.154290E+03  0.154290E+03  0.154290E+03  0.154290E+03  0.154290E+03
  0.154290E+03  0.154290E+03  0.154290E+03  0.154290E+03  0.154290E+03
  0.154290E+03  0.154290E+03  0.154290E+03  0.154290E+03  0.180000E+03
  0.180000E+03  0.180000E+03  0.180000E+03  0.180000E+03  0.180000E+03
  0.180000E+03  0.180000E+03  0.180000E+03  0.180000E+03  0.180000E+03
  0.180000E+03  0.180000E+03  0.180000E+03  0.180000E+03  0.180000E+03
  0.180000E+03  0.180000E+03  0.205710E+03  0.205710E+03  0.205710E+03
  0.205710E+03  0.205710E+03  0.205710E+03  0.205710E+03  0.205710E+03
  0.205710E+03  0.205710E+03  0.205710E+03  0.205710E+03  0.205710E+03
  0.205710E+03  0.205710E+03  0.205710E+03  0.205710E+03  0.205710E+03
  0.231420E+03  0.231420E+03  0.231420E+03  0.231420E+03  0.231420E+03
  0.231420E+03  0.231420E+03  0.231420E+03  0.231420E+03  0.231420E+03
  0.231420E+03  0.231420E+03  0.231420E+03  0.231420E+03  0.231420E+03
  0.231420E+03  0.231420E+03  0.231420E+03  0.102870E+03  0.102870E+03
  0.102870E+03  0.102870E+03  0.102870E+03  0.102870E+03  0.102870E+03
  0.102870E+03  0.102870E+03  0.102870E+03  0.102870E+03  0.102870E+03
  0.102870E+03  0.102870E+03  0.102870E+03  0.102870E+03  0.102870E+03
  0.102870E+03  0.128480E+03  0.128480E+03  0.128480E+03  0.128480E+03
  0.128480E+03  0.128480E+03  0.128480E+03  0.128480E+03  0.128480E+03
  0.128480E+03  0.128480E+03  0.128480E+03  0.128480E+03  0.128480E+03
  0.128480E+03  0.128480E+03  0.128480E+03  0.128480E+03  0.154290E+03
  0.154290E+03  0.154290E+03  0.154290E+03  0.154290E+03  0.154290E+03
  0.154290E+03  0.154290E+03  0.154290E+03  0.154290E+03  0.154290E+03
  0.154290E+03  0.154290E+03  0.154290E+03  0.154290E+03  0.154290E+03
  0.154290E+03  0.154290E+03  0.180000E+03  0.180000E+03  0.180000E+03
  0.180000E+03  0.180000E+03  0.180000E+03  0.180000E+03  0.180000E+03
  0.180000E+03  0.180000E+03  0.180000E+03  0.180000E+03  0.180000E+03
  0.180000E+03  0.180000E+03  0.180000E+03  0.180000E+03  0.180000E+03
  0.205710E+03  0.205710E+03  0.205710E+03  0.205710E+03  0.205710E+03
  0.205710E+03  0.205710E+03  0.205710E+03  0.205710E+03  0.205710E+03
  0.205710E+03  0.205710E+03  0.205710E+03  0.205710E+03  0.205710E+03
  0.205710E+03  0.205710E+03  0.205710E+03  0.231420E+03  0.231420E+03
  0.231420E+03  0.231420E+03  0.231420E+03  0.231420E+03  0.231420E+03
  0.231420E+03  0.231420E+03  0.231420E+03  0.231420E+03  0.231420E+03
  0.231420E+03  0.231420E+03  0.231420E+03  0.231420E+03  0.231420E+03
  0.231420E+03  0.102870E+03  0.102870E+03  0.102870E+03  0.102870E+03
  0.102870E+03  0.102870E+03  0.102870E+03  0.102870E+03  0.102870E+03
  0.102870E+03  0.102870E+03  0.102870E+03  0.102870E+03  0.102870E+03
  0.102870E+03  0.102870E+03  0.102870E+03  0.102870E+03  0.128480E+03
  0.128480E+03  0.128480E+03  0.128480E+03  0.128480E+03  0.128480E+03
  0.128480E+03  0.128480E+03  0.128480E+03  0.128480E+03  0.128480E+03
  0.128480E+03  0.128480E+03  0.128480E+03  0.128480E+03  0.128480E+03
  0.128480E+03  0.128480E+03  0.154290E+03  0.154290E+03  0.154290E+03
  0.154290E+03  0.154290E+03  0.154290E+03  0.154290E+03  0.154290E+03
  0.154290E+03  0.154290E+03  0.154290E+03  0.154290E+03  0.154290E+03
  0.154290E+03  0.154290E+03  0.154290E+03  0.154290E+03  0.154290E+03
  0.180000E+03  0.180000E+03  0.180000E+03  0.180000E+03  0.180000E+03
  0.180000E+03  0.180000E+03  0.180000E+03  0.180000E+03  0.180000E+03
  0.180000E+03  0.180000E+03  0.180000E+03  0.180000E+03  0.180000E+03
  0.180000E+03  0.180000E+03  0.180000E+03  0.205710E+03  0.205710E+03
  0.205710E+03  0.205710E+03  0.205710E+03  0.205710E+03  0.205710E+03
  0.205710E+03  0.205710E+03  0.205710E+03  0.205710E+03  0.205710E+03
  0.205710E+03  0.205710E+03  0.205710E+03  0.205710E+03  0.205710E+03
  0.205710E+03  0.231420E+03  0.231420E+03  0.231420E+03  0.231420E+03
  0.231420E+03  0.231420E+03  0.231420E+03  0.231420E+03  0.231420E+03
  0.231420E+03  0.231420E+03  0.231420E+03  0.231420E+03  0.231420E+03
  0.231420E+03  0.231420E+03  0.231420E+03  0.231420E+03  0.000000E+00
  0.000000E+00  0.000000E+00  0.000000E+00  0.000000E+00  0.000000E+00
  0.000000E+00  0.000000E+00  0.000000E+00  0.000000E+00  0.000000E+00
  0.000000E+00  0.000000E+00  0.000000E+00  0.000000E+00  0.000000E+00
  0.000000E+00  0.000000E+00 -0.514200E+02 -0.514200E+02 -0.514200E+02
 -0.514200E+02 -0.514200E+02 -0.514200E+02 -0.514200E+02 -0.514200E+02
 -0.514200E+02 -0.514200E+02 -0.514200E+02 -0.514200E+02 -0.514200E+02
 -0.514200E+02 -0.514200E+02 -0.514200E+02 -0.514200E+02 -0.514200E+02
  0.000000E+00  0.000000E+00  0.000000E+00  0.000000E+00  0.000000E+00
  0.000000E+00  0.000000E+00  0.000000E+00  0.000000E+00  0.000000E+00
  0.000000E+00  0.000000E+00  0.000000E+00  0.000000E+00  0.000000E+00
  0.000000E+00  0.000000E+00  0.000000E+00  0.771300E+02  0.771300E+02
  0.771300E+02  0.771300E+02  0.771300E+02  0.771300E+02  0.771300E+02
  0.771300E+02  0.771300E+02  0.771300E+02  0.771300E+02  0.771300E+02
  0.771300E+02  0.771300E+02  0.771300E+02  0.771300E+02  0.771300E+02
  0.771300E+02  0.000000E+00  0.000000E+00  0.000000E+00  0.000000E+00
  0.000000E+00  0.000000E+00  0.000000E+00  0.000000E+00  0.000000E+00
  0.000000E+00  0.000000E+00  0.000000E+00  0.000000E+00  0.000000E+00
  0.000000E+00  0.000000E+00  0.000000E+00  0.000000E+00 -0.257100E+02
 -0.257100E+02 -0.257100E+02 -0.257100E+02 -0.257100E+02 -0.257100E+02
 -0.257100E+02 -0.257100E+02 -0.257100E+02 -0.257100E+02 -0.257100E+02
 -0.257100E+02 -0.257100E+02 -0.257100E+02 -0.257100E+02 -0.257100E+02
 -0.257100E+02 -0.257100E+02 -0.514200E+02 -0.514200E+02 -0.514200E+02
 -0.514200E+02 -0.514200E+02 -0.514200E+02 -0.514200E+02 -0.514200E+02
 -0.514200E+02 -0.514200E+02 -0.514200E+02 -0.514200E+02 -0.514200E+02
 -0.514200E+02 -0.514200E+02 -0.514200E+02 -0.514200E+02 -0.514200E+02
  0.771300E+02  0.771300E+02  0.771300E+02  0.771300E+02  0.771300E+02
  0.771300E+02  0.771300E+02  0.771300E+02  0.771300E+02  0.771300E+02
  0.771300E+02  0.771300E+02  0.771300E+02  0.771300E+02  0.771300E+02
  0.771300E+02  0.771300E+02  0.771300E+02  0.257100E+02  0.257100E+02
  0.257100E+02  0.257100E+02  0.257100E+02  0.257100E+02  0.257100E+02
  0.257100E+02  0.257100E+02  0.257100E+02  0.257100E+02  0.257100E+02
  0.257100E+02  0.257100E+02  0.257100E+02  0.257100E+02  0.257100E+02
  0.257100E+02  0.000000E+00  0.000000E+00  0.000000E+00  0.000000E+00
  0.000000E+00  0.000000E+00  0.000000E+00  0.000000E+00  0.000000E+00
  0.000000E+00  0.000000E+00  0.000000E+00  0.000000E+00  0.000000E+00
  0.000000E+00  0.000000E+00  0.000000E+00  0.000000E+00 -0.257100E+02
 -0.257100E+02 -0.257100E+02 -0.257100E+02 -0.257100E+02 -0.257100E+02
 -0.257100E+02 -0.257100E+02 -0.257100E+02 -0.257100E+02 -0.257100E+02
 -0.257100E+02 -0.257100E+02 -0.257100E+02 -0.257100E+02 -0.257100E+02
 -0.257100E+02 -0.257100E+02 -0.514200E+02 -0.514200E+02 -0.514200E+02
 -0.514200E+02 -0.514200E+02 -0.514200E+02 -0.514200E+02 -0.514200E+02
 -0.514200E+02 -0.514200E+02 -0.514200E+02 -0.514200E+02 -0.514200E+02
 -0.514200E+02 -0.514200E+02 -0.514200E+02 -0.514200E+02 -0.514200E+02
  0.771300E+02  0.771300E+02  0.771300E+02  0.771300E+02  0.771300E+02
  0.771300E+02  0.771300E+02  0.771300E+02  0.771300E+02  0.771300E+02
  0.771300E+02  0.771300E+02  0.771300E+02  0.771300E+02  0.771300E+02
  0.771300E+02  0.771300E+02  0.771300E+02  0.514200E+02  0.514200E+02
  0.514200E+02  0.514200E+02  0.514200E+02  0.514200E+02  0.514200E+02
  0.514200E+02  0.514200E+02  0.514200E+02  0.514200E+02  0.514200E+02
  0.514200E+02  0.514200E+02  0.514200E+02  0.514200E+02  0.514200E+02
  0.514200E+02  0.257100E+02  0.257100E+02  0.257100E+02  0.257100E+02
  0.257100E+02  0.257100E+02  0.257100E+02  0.257100E+02  0.257100E+02
  0.257100E+02  0.257100E+02  0.257100E+02  0.257100E+02  0.257100E+02
  0.257100E+02  0.257100E+02  0.257100E+02  0.257100E+02  0.000000E+00
  0.000000E+00  0.000000E+00  0.000000E+00  0.000000E+00  0.000000E+00
  0.000000E+00  0.000000E+00  0.000000E+00  0.000000E+00  0.000000E+00
  0.000000E+00  0.000000E+00  0.000000E+00  0.000000E+00  0.000000E+00
  0.000000E+00  0.000000E+00 -0.257100E+02 -0.257100E+02 -0.257100E+02
 -0.257100E+02 -0.257100E+02 -0.257100E+02 -0.257100E+02 -0.257100E+02
 -0.257100E+02 -0.257100E+02 -0.257100E+02 -0.257100E+02 -0.257100E+02
 -0.257100E+02 -0.257100E+02 -0.257100E+02 -0.257100E+02 -0.257100E+02
 -0.514200E+02 -0.514200E+02 -0.514200E+02 -0.514200E+02 -0.514200E+02
 -0.514200E+02 -0.514200E+02 -0.514200E+02 -0.514200E+02 -0.514200E+02
 -0.514200E+02 -0.514200E+02 -0.514200E+02 -0.514200E+02 -0.514200E+02
 -0.514200E+02 -0.514200E+02 -0.514200E+02  0.771300E+02  0.771300E+02
  0.771300E+02  0.771300E+02  0.771300E+02  0.771300E+02  0.771300E+02
  0.771300E+02  0.771300E+02  0.771300E+02  0.771300E+02  0.771300E+02
  0.771300E+02  0.771300E+02  0.771300E+02  0.771300E+02  0.771300E+02
  0.771300E+02  0.514200E+02  0.514200E+02  0.514200E+02  0.514200E+02
  0.514200E+02  0.514200E+02  0.514200E+02  0.514200E+02  0.514200E+02
  0.514200E+02  0.514200E+02  0.514200E+02  0.514200E+02  0.514200E+02
  0.514200E+02  0.514200E+02  0.514200E+02  0.514200E+02  0.257100E+02
  0.257100E+02  0.257100E+02  0.257100E+02  0.257100E+02  0.257100E+02
  0.257100E+02  0.257100E+02  0.257100E+02  0.257100E+02  0.257100E+02
  0.257100E+02  0.257100E+02  0.257100E+02  0.257100E+02  0.257100E+02
  0.257100E+02  0.257100E+02  0.000000E+00  0.000000E+00  0.000000E+00
  0.000000E+00  0.000000E+00  0.000000E+00  0.000000E+00  0.000000E+00
  0.000000E+00  0.000000E+00  0.000000E+00  0.000000E+00  0.000000E+00
  0.000000E+00  0.000000E+00  0.000000E+00  0.000000E+00  0.000000E+00
 -0.257100E+02 -0.257100E+02 -0.257100E+02 -0.257100E+02 -0.257100E+02
 -0.257100E+02 -0.257100E+02 -0.257100E+02 -0.257100E+02 -0.257100E+02
 -0.257100E+02 -0.257100E+02 -0.257100E+02 -0.257100E+02 -0.257100E+02
 -0.257100E+02 -0.257100E+02 -0.257100E+02 -0.514200E+02 -0.514200E+02
 -0.514200E+02 -0.514200E+02 -0.514200E+02 -0.514200E+02 -0.514200E+02
 -0.514200E+02 -0.514200E+02 -0.514200E+02 -0.514200E+02 -0.514200E+02
 -0.514200E+02 -0.514200E+02 -0.514200E+02 -0.514200E+02 -0.514200E+02
 -0.514200E+02  0.771300E+02  0.771300E+02  0.771300E+02  0.771300E+02
  0.771300E+02  0.771300E+02  0.771300E+02  0.771300E+02  0.771300E+02
  0.771300E+02  0.771300E+02  0.771300E+02  0.771300E+02  0.771300E+02
  0.771300E+02  0.771300E+02  0.771300E+02  0.771300E+02  0.514200E+02
  0.514200E+02  0.514200E+02  0.514200E+02  0.514200E+02  0.514200E+02
  0.514200E+02  0.514200E+02  0.514200E+02  0.514200E+02  0.514200E+02
  0.514200E+02  0.514200E+02  0.514200E+02  0.514200E+02  0.514200E+02
  0.514200E+02  0.514200E+02  0.257100E+02  0.257100E+02  0.257100E+02
  0.257100E+02  0.257100E+02  0.257100E+02  0.257100E+02  0.257100E+02
  0.257100E+02  0.257100E+02  0.257100E+02  0.257100E+02  0.257100E+02
  0.257100E+02  0.257100E+02  0.257100E+02  0.257100E+02  0.257100E+02
  0.000000E+00  0.000000E+00  0.000000E+00  0.000000E+00  0.000000E+00
  0.000000E+00  0.000000E+00  0.000000E+00  0.000000E+00  0.000000E+00
  0.000000E+00  0.000000E+00  0.000000E+00  0.000000E+00  0.000000E+00
  0.000000E+00  0.000000E+00  0.000000E+00 -0.257100E+02 -0.257100E+02
 -0.257100E+02 -0.257100E+02 -0.257100E+02 -0.257100E+02 -0.257100E+02
 -0.257100E+02 -0.257100E+02 -0.257100E+02 -0.257100E+02 -0.257100E+02
 -0.257100E+02 -0.257100E+02 -0.257100E+02 -0.257100E+02 -0.257100E+02
 -0.257100E+02 -0.514200E+02 -0.514200E+02 -0.514200E+02 -0.514200E+02
 -0.514200E+02 -0.514200E+02 -0.514200E+02 -0.514200E+02 -0.514200E+02
 -0.514200E+02 -0.514200E+02 -0.514200E+02 -0.514200E+02 -0.514200E+02
 -0.514200E+02 -0.514200E+02 -0.514200E+02 -0.514200E+02
