           1           2
           2           2
           3           2
           4           2
           5           2
           6           2
           7           2
           8           2
           9           4
          10         137
          11         137
          12         137
          13         137
          14         137
          15         137
          16         137
          17         137
          18         137
          19         137
          20         137
          21         137
          22         137
          23         137
          24         137
          25         136
          26         137
          27         137
          28         137
          29         137
          30         136
          31         136
          32         137
          33         137
          34         137
          35         136
          36         137
          37         137
          38         137
          39         135
          40         130
          41         136
          42         136
          43         136
          44         137
          45         137
          46         137
          47         137
          48         137
          49         137
          50         137
          51         137
          52         137
          53         137
          54         137
          55         137
          56         137
          57         137
          58         137
          59         137
          60         137
          61         137
          62         137
          63         137
          64         137
          65         137
          66         137
          67         137
          68         137
          69         137
          70         137
          71         136
          72         136
          73         133
          74         136
          75         137
          76         137
          77         137
          78         136
          79         137
          80         136
          81         137
          82         136
          83         137
          84         136
          85         136
          86         136
          87         136
          88         136
          89         137
          90         137
          91         137
          92         136
          93         136
          94         137
          95         137
          96         136
          97         137
          98         137
          99         136
         100         137
         101         137
         102         136
         103         137
         104         136
         105         137
         106         137
         107         137
         108         136
         109         136
         110         137
         111         137
         112         136
         113         136
         114         136
         115         137
         116         137
         117         136
         118         137
         119         137
         120         137
         121         137
         122         137
         123         136
         124         137
         125         136
         126         136
         127         137
         128         137
         129         137
         130         137
         131         137
         132         137
         133         137
         134         137
         135         137
         136         136
         137         137
         138         137
         139         136
         140         137
         141         137
         142         137
         143         137
         144         137
         145         136
         146           6
         147         137
         148         137
         149         136
         150         136
         151         137
         152         137
         153         137
         154         137
         155         136
         156         137
         157         137
         158         137
         159         137
         160         137
         161         137
         162         137
         163         137
         164         136
         165         137
         166         137
         167         137
         168         137
         169         137
         170         136
         171         136
         172         134
         173         136
         174         137
         175         137
         176         137
         177         137
         178         137
         179         137
         180         137
         181         137
         182         136
         183         137
         184         137
         185         137
         186         137
         187         136
         188         137
         189         137
         190         137
         191         137
         192         137
         193         137
         194         136
         195         137
         196         137
         197         137
         198         136
         199         137
         200         137
         201         137
         202         136
         203         136
         204         136
         205         135
         206         136
         207         136
         208         137
         209         137
         210         136
         211         137
         212         137
         213         136
         214         136
         215         137
         216         136
         217         137
         218         136
         219         137
         220         136
         221         137
         222         137
         223         137
         224         137
         225         137
         226         137
         227         137
         228         136
         229         137
         230         137
         231         137
         232         137
         233         137
         234         137
         235         137
         236         137
         237         137
         238           2
         239           2
         240           9
         241         136
         242         136
         243         137
         244         136
         245         136
         246         136
         247         136
         248         137
         249         136
         250         137
         251         137
         252         136
         253         137
         254         137
         255         136
         256         136
         257         136
         258         137
         259         137
         260         137
         261         137
         262         137
         263         137
         264         137
         265         137
         266         136
         267         137
         268         137
         269         137
         270         137
         271           2
         272           2
         273         137
         274         136
         275         137
         276         137
         277         137
         278         137
         279         136
         280         137
         281         136
         282         136
         283         137
         284         136
         285         136
         286         136
         287         137
         288         137
         289         136
         290         137
         291         137
         292         137
         293         137
         294         137
         295         137
         296         137
         297         137
         298         137
         299         137
         300         137
         301         136
         302         137
         303         136
         304           2
         305           2
         306         136
         307         136
         308         137
         309         137
         310         137
         311         136
         312         137
         313         136
         314         136
         315         136
         316         137
         317         137
         318         137
         319         137
         320         137
         321         136
         322         137
         323         137
         324         137
         325         137
         326         137
         327         137
         328         136
         329         136
         330         137
         331         137
         332         137
         333         137
         334         137
         335         137
         336         137
         337           2
         338           2
         339          11
         340         136
         341         137
         342         137
         343         136
         344         136
         345         137
         346         137
         347         136
         348         137
         349         136
         350         136
         351         137
         352         137
         353         137
         354         136
         355         137
         356         137
         357         137
         358         137
         359         137
         360         137
         361         136
         362         137
         363         137
         364         137
         365         136
         366         137
         367         137
         368         136
         369         137
         370           2
         371           2
         372          36
         373         137
         374         136
         375         137
         376         137
         377         136
         378         137
         379         136
         380         137
         381         136
         382         137
         383         137
         384         137
         385         136
         386         136
         387         136
         388         137
         389         136
         390         137
         391         137
         392         137
         393         136
         394         137
         395         137
         396         137
         397         137
         398         136
         399         136
         400         137
         401         137
         402         137
         403           2
         404           2
         405           2
         406         137
         407         137
         408         137
         409         137
         410         137
         411         137
         412         137
         413         137
         414         137
         415         137
         416         137
         417         137
         418         137
         419         137
         420         137
         421         137
         422         137
         423         137
         424         136
         425         137
         426         137
         427         137
         428         137
         429         136
         430         137
         431         137
         432         137
         433         137
         434         137
         435         137
         436         137
         437         137
         438         137
         439         137
         440         137
         441         136
         442         137
         443         137
         444         136
         445         137
         446         137
         447         136
         448         137
         449         137
         450         137
         451         137
         452         137
         453         137
         454         137
         455         137
         456         137
         457         137
         458         137
         459         137
         460         137
         461         137
         462         137
         463         137
         464         137
         465         137
         466         137
         467         137
         468         137
         469         137
         470         137
         471         137
         472         136
         473         136
         474         137
         475         136
         476         136
         477         137
         478         137
         479         136
         480         137
         481         137
         482         136
         483         136
         484         137
         485         136
         486         137
         487         137
         488         136
         489         136
         490         137
         491         137
         492         137
         493         136
         494         137
         495         137
         496         137
         497         137
         498         137
         499         137
         500         137
         501         137
         502         137
         503         137
         504         137
         505         136
         506         137
         507         137
         508         137
         509         137
         510         136
         511         137
         512         137
         513         136
         514         137
         515         137
         516         136
         517         137
         518         137
         519         137
         520         137
         521         137
         522         136
         523         137
         524         137
         525         137
         526         137
         527         137
         528         136
         529         136
         530         137
         531         137
         532         137
         533         137
         534         137
         535         137
         536         137
         537         136
         538         136
         539         137
         540         136
         541         136
         542         137
         543         137
         544         136
         545         137
         546         137
         547         137
         548         137
         549         137
         550         137
         551         137
         552         137
         553         137
         554         137
         555         137
         556         137
         557         137
         558         137
         559         136
         560         137
         561         137
         562         137
         563         137
         564         137
         565         136
         566         136
         567         137
         568         137
         569         137
         570         136
         571         137
         572         137
         573         136
         574         137
         575         137
         576         137
         577         137
         578         137
         579         137
         580         137
         581         137
         582         137
         583         137
         584         137
         585         137
         586         137
         587         137
         588         137
         589         137
         590         137
         591         137
         592         137
         593         137
         594         137
         595         136
         596         137
         597         137
         598         137
         599         137
         600         137
         601         137
         602         137
         603         136
         604         136
         605         137
         606         137
         607         136
         608         137
         609         137
         610         136
         611         137
         612         137
         613         136
         614         136
         615         136
         616         136
         617         137
         618         137
         619         137
         620         136
         621         137
         622         137
         623         137
         624         137
         625         137
         626         137
         627         137
         628         137
         629         137
         630         137
         631         137
         632         137
         633         137
         634           2
         635           2
         636           6
         637         136
         638         136
         639         137
         640         136
         641         137
         642         136
         643         137
         644         137
         645         137
         646         136
         647         136
         648         136
         649         136
         650         137
         651         137
         652         137
         653         136
         654         137
         655         137
         656         136
         657         137
         658         137
         659         137
         660         137
         661         137
         662         137
         663         137
         664         137
         665         137
         666         136
         667           2
         668           2
         669           6
         670         137
         671         137
         672         137
         673         137
         674         136
         675         136
         676         136
         677         136
         678         136
         679         137
         680         136
         681         137
         682         136
         683         137
         684         137
         685         137
         686         136
         687         137
         688         136
         689         137
         690         137
         691         137
         692         137
         693         137
         694         136
         695         136
         696         137
         697         136
         698         137
         699         137
         700           2
         701           2
         702         137
         703         137
         704         136
         705         137
         706         136
         707         136
         708         136
         709         137
         710         137
         711         137
         712         136
         713         137
         714         137
         715         136
         716         136
         717         136
         718         136
         719         137
         720         137
         721         137
         722         136
         723         137
         724         137
         725         137
         726         137
         727         137
         728         137
         729         137
         730         136
         731         137
         732         136
         733           2
         734           2
         735           8
         736         137
         737         137
         738         137
         739         137
         740         136
         741         137
         742         136
         743         137
         744         136
         745         136
         746         136
         747         136
         748         137
         749         137
         750         136
         751         136
         752         137
         753         137
         754         137
         755         137
         756         137
         757         136
         758         137
         759         137
         760         137
         761         137
         762         136
         763         137
         764         136
         765         137
         766           2
         767           2
         768         136
         769         137
         770         137
         771         136
         772         137
         773         136
         774         137
         775         136
         776         137
         777         137
         778         136
         779         137
         780         136
         781         136
         782         137
         783         137
         784         137
         785         137
         786         137
         787         137
         788         137
         789         137
         790         137
         791         137
         792         137
         793         136
         794         137
         795         137
         796         137
         797         137
         798         137
         799           2
         800           2
         801          63
         802         137
         803         137
         804         137
         805         137
         806         137
         807         137
         808         137
         809         137
         810         137
         811         137
         812         137
         813         137
         814         137
         815         137
         816         137
         817         137
         818         137
         819         137
         820         137
         821         137
         822         137
         823         137
         824         137
         825         137
         826         137
         827         137
         828         137
         829         137
         830         137
         831         137
         832         137
         833         137
         834         137
         835         137
         836         137
         837         137
         838         137
         839         137
         840         137
         841         137
         842         137
         843         137
         844         137
         845         137
         846         137
         847         137
         848         137
         849         137
         850         137
         851         137
         852         137
         853         137
         854         137
         855         137
         856         137
         857         137
         858         137
         859         137
         860         137
         861         137
         862         137
         863         137
         864         137
         865         137
         866         137
         867         137
         868         137
         869         137
         870         137
         871         137
         872         137
         873         137
         874         137
         875         137
         876         137
         877         137
         878         137
         879         137
         880         137
         881         137
         882         137
         883         137
         884         137
         885         137
         886         137
         887          57
         888          49
         889         137
         890         137
         891         137
         892         137
         893         137
         894         137
         895         137
         896          61
         897         137
         898         137
         899         137
         900         137
         901         137
         902         137
         903         137
         904         137
         905         137
         906         137
         907         137
         908         137
         909          68
         910         137
         911         137
         912         137
         913         137
         914         137
         915         137
         916         137
         917         137
         918         137
         919         137
         920         137
         921         137
         922         137
         923         137
         924         137
         925         137
         926         137
         927         137
         928         137
         929         137
         930         137
         931         137
         932         137
         933          68
         934         137
         935         137
         936         137
         937         137
         938         137
         939         137
         940         137
         941         137
         942         137
         943         137
         944         137
         945         137
         946         137
         947         137
         948          68
         949         137
         950          68
         951          68
         952         137
         953          68
         954         137
         955          68
         956         137
         957          63
         958         137
         959         137
         960          63
         961         137
         962         137
         963          68
         964         137
         965         137
         966          63
         967          68
         968          57
         969          68
         970          63
         971          68
         972         137
         973          68
         974         137
         975         137
         976         137
         977         137
         978         137
         979         137
         980          68
         981         137
         982         137
         983          63
         984          68
         985          68
         986          63
         987          68
         988          68
         989         137
         990          56
         991          63
         992         137
         993          68
         994          68
         995         137
         996         137
         997         137
         998          68
         999          61
        1000         137
        1001          63
        1002          68
        1003          63
        1004          68
        1005          54
        1006         137
        1007          68
        1008         137
        1009          68
        1010          68
        1011         137
        1012         137
        1013         137
        1014         137
        1015         137
        1016         137
        1017         137
        1018         137
        1019         137
        1020         137
        1021         137
        1022          68
        1023          68
        1024         137
        1025          68
        1026          68
        1027          68
        1028          68
        1029         137
        1030          67
        1031          63
        1032          63
        1033         137
        1034          68
        1035         137
        1036          44
        1037          44
        1038          44
        1039          48
        1040          33
        1041          44
        1042          24
        1043          44
        1044          37
        1045          49
        1046          49
        1047          59
        1048          48
        1049          54
        1050          44
        1051          44
        1052          67
        1053          49
        1054          44
        1055          30
        1056          34
        1057          39
        1058          39
        1059          40
        1060          54
        1061          40
        1062          37
        1063          33
        1064          49
        1065          48
        1066          63
        1067          49
        1068          54
        1069          57
        1070          56
        1071          61
        1072          44
        1073          48
        1074          44
        1075          48
        1076          40
        1077          48
        1078          54
        1079          44
        1080          44
        1081          44
        1082          48
        1083          48
        1084          54
        1085          56
        1086          54
        1087          54
        1088          56
        1089          67
        1090          44
        1091          44
        1092          40
        1093          44
        1094          44
        1095          48
        1096          37
        1097          40
        1098          44
        1099          44
        1100          54
        1101          54
        1102          44
        1103          54
        1104          54
        1105          59
        1106          48
        1107          61
        1108          39
        1109          48
        1110          37
        1111          44
        1112          39
        1113          40
        1114          48
        1115          48
        1116          44
        1117          49
        1118          54
        1119          39
        1120          48
        1121          51
        1122          59
        1123          63
        1124          49
        1125          63
        1126          36
        1127          44
        1128          39
        1129          39
        1130          39
        1131          36
        1132          44
        1133          48
        1134          39
        1135          44
        1136          48
        1137          59
        1138          48
        1139          48
        1140          54
        1141          33
        1142          61
        1143          40
        1144          19
        1145          14
        1146          36
        1147          26
        1148          24
        1149          15
        1150          13
        1151          24
        1152          36
        1153          28
        1154          28
        1155          44
        1156          39
        1157          36
        1158          36
        1159          40
        1160          33
        1161          33
        1162          19
        1163          22
        1164          16
        1165          22
        1166          16
        1167           7
        1168          26
        1169          28
        1170          39
        1171          33
        1172          40
        1173          33
        1174          39
        1175          36
        1176          34
        1177          30
        1178          34
        1179          36
        1180          19
        1181          22
        1182          26
        1183          22
        1184          33
        1185          30
        1186          28
        1187          22
        1188          39
        1189          30
        1190          39
        1191          26
        1192          44
        1193          48
        1194          39
        1195          30
        1196          28
        1197          36
        1198          19
        1199          36
        1200          22
        1201          26
        1202          19
        1203          18
        1204          10
        1205          36
        1206          33
        1207          16
        1208          36
        1209          26
        1210          39
        1211          30
        1212          36
        1213          39
        1214          44
        1215          44
        1216          22
        1217          33
        1218          22
        1219          24
        1220           8
        1221          28
        1222          28
        1223          30
        1224          26
        1225          33
        1226          26
        1227          33
        1228          30
        1229          28
        1230          36
        1231          44
        1232          48
        1233          37
        1234          44
        1235          20
        1236           6
        1237           4
        1238           2
        1239           2
        1240           3
        1241           5
        1242           2
        1243           2
        1244           4
        1245           4
        1246           3
        1247           2
        1248           2
        1249           3
        1250           3
        1251           8
        1252          12
        1253         137
        1254          28
        1255          15
        1256          11
        1257           5
        1258           3
        1259           6
        1260           4
        1261           7
        1262           3
        1263           5
        1264           5
        1265           7
        1266           7
        1267          14
        1268           3
        1269          11
        1270         137
        1271          68
        1272          24
        1273          13
        1274          18
        1275          14
        1276          20
        1277           6
        1278           6
        1279           4
        1280           8
        1281          12
        1282           9
        1283          24
        1284           6
        1285           6
        1286           3
        1287           8
        1288         137
        1289          68
        1290          18
        1291          12
        1292           7
        1293           3
        1294           3
        1295           2
        1296           3
        1297           4
        1298           5
        1299           8
        1300           6
        1301           6
        1302          10
        1303           5
        1304           4
        1305           6
        1306         137
        1307         137
        1308          12
        1309          11
        1310          10
        1311           3
        1312           3
        1313           3
        1314           2
        1315           3
        1316          10
        1317           3
        1318           7
        1319           8
        1320           5
        1321           9
        1322          14
        1323           9
        1324          58
        1325         137
        1326          18
        1327          14
        1328          14
        1329           3
        1330           3
        1331           3
        1332           3
        1333           5
        1334           3
        1335           3
        1336          14
        1337          11
        1338          11
        1339           6
        1340           4
        1341           3
        1342         137
        1343         137
        1344          48
        1345          18
        1346          16
        1347           5
        1348           8
        1349           4
        1350           8
        1351           5
        1352           8
        1353           8
        1354          14
        1355           8
        1356           8
        1357           8
        1358           8
        1359           7
        1360         137
        1361         137
        1362         137
        1363         137
        1364         137
        1365         137
        1366         137
        1367         137
        1368         137
        1369         137
        1370         137
        1371         137
        1372         137
        1373         137
        1374         137
        1375         137
        1376         137
        1377         137
        1378         137
        1379         137
        1380         137
        1381         137
        1382         137
        1383         137
        1384         137
        1385         137
        1386         137
        1387         137
        1388         137
        1389         137
        1390         137
        1391         137
        1392         137
        1393         137
        1394         137
        1395         137
        1396         137
        1397         137
        1398         137
        1399         137
        1400         137
        1401          68
        1402         137
        1403         137
        1404         137
        1405         137
        1406         137
        1407         137
        1408         137
        1409         137
        1410         137
        1411         137
        1412         137
        1413         137
        1414         137
        1415         137
        1416         137
        1417         137
        1418         137
        1419         137
        1420         137
        1421          68
        1422         137
        1423         137
        1424         137
        1425         137
        1426         137
        1427         137
        1428         137
        1429         137
        1430         137
        1431         137
        1432         137
        1433          63
        1434         137
        1435          68
        1436         137
        1437         137
        1438         137
        1439         137
        1440         137
        1441         137
        1442         137
        1443         137
        1444         137
        1445         137
        1446         137
        1447         137
        1448         137
        1449         137
        1450         137
        1451         137
        1452         137
        1453         137
        1454         137
        1455          68
        1456         137
        1457         137
        1458         137
        1459         137
        1460         137
        1461         137
        1462         137
        1463         137
        1464         137
        1465         137
        1466         137
        1467         137
        1468         137
        1469         137
        1470         137
        1471         137
        1472         137
        1473         137
        1474         137
        1475         137
        1476         137
        1477         137
        1478         137
        1479         137
        1480         137
        1481         137
        1482         137
        1483         137
        1484          30
        1485         137
        1486         137
        1487          68
        1488          54
        1489          63
        1490          68
        1491          59
        1492          64
        1493         137
        1494         137
        1495          68
        1496          68
        1497          68
        1498          68
        1499          68
        1500          68
        1501          68
        1502         137
        1503         137
        1504         137
        1505         137
        1506          56
        1507         137
        1508          61
        1509          63
        1510          68
        1511         137
        1512         137
        1513         137
        1514         137
        1515          68
        1516         137
        1517          68
        1518          48
        1519         137
        1520         137
        1521          10
        1522         137
        1523         137
        1524          67
        1525          67
        1526          68
        1527          61
        1528          61
        1529          61
        1530          67
        1531          68
        1532          68
        1533          67
        1534          61
        1535          68
        1536         137
        1537          63
        1538         137
        1539          61
        1540         137
        1541         137
        1542         137
        1543          56
        1544         137
        1545          68
        1546          67
        1547          68
        1548          68
        1549          61
        1550          61
        1551          63
        1552         137
        1553         137
        1554         137
        1555         137
        1556         137
        1557         137
        1558         137
        1559         137
        1560         137
        1561         137
        1562         137
        1563          56
        1564          67
        1565          68
        1566          68
        1567          68
        1568          68
        1569         137
        1570         137
        1571          63
        1572          68
        1573         137
        1574          63
        1575         137
        1576          33
        1577          44
        1578          28
        1579          44
        1580          40
        1581          36
        1582          54
        1583          49
        1584          44
        1585          44
        1586          48
        1587          54
        1588          59
        1589          59
        1590          49
        1591          61
        1592          63
        1593          59
        1594          39
        1595          44
        1596          48
        1597          48
        1598          36
        1599          40
        1600          48
        1601          44
        1602          54
        1603          49
        1604          56
        1605          56
        1606          48
        1607          48
        1608          24
        1609          30
        1610          67
        1611          54
        1612          39
        1613          44
        1614          34
        1615          39
        1616          40
        1617          44
        1618          48
        1619          39
        1620          48
        1621          37
        1622          48
        1623          44
        1624          44
        1625          56
        1626          48
        1627          44
        1628          57
        1629          61
        1630          33
        1631          36
        1632          36
        1633          33
        1634          24
        1635          39
        1636          39
        1637          33
        1638          48
        1639          44
        1640          44
        1641          49
        1642          48
        1643          48
        1644          39
        1645          49
        1646          59
        1647          49
        1648          40
        1649          44
        1650          44
        1651          54
        1652          44
        1653          44
        1654          39
        1655          44
        1656          48
        1657          30
        1658          48
        1659          44
        1660          48
        1661          63
        1662          61
        1663          61
        1664          61
        1665          54
        1666          28
        1667          44
        1668          36
        1669          51
        1670          56
        1671          44
        1672          48
        1673          44
        1674          44
        1675          59
        1676          48
        1677          48
        1678          44
        1679          54
        1680          51
        1681          59
        1682          61
        1683           6
        1684          11
        1685          26
        1686          18
        1687          14
        1688          24
        1689          22
        1690          30
        1691          26
        1692          30
        1693          36
        1694          39
        1695          36
        1696          36
        1697          30
        1698          39
        1699          25
        1700          36
        1701          44
        1702          22
        1703          16
        1704          14
        1705          33
        1706          30
        1707          30
        1708          30
        1709          30
        1710          26
        1711          26
        1712          39
        1713          36
        1714          39
        1715          36
        1716          22
        1717          26
        1718          39
        1719          26
        1720           4
        1721           5
        1722          36
        1723          39
        1724           5
        1725           7
        1726          24
        1727          26
        1728          39
        1729          33
        1730          26
        1731          39
        1732          36
        1733          39
        1734          44
        1735          44
        1736          26
        1737          36
        1738          18
        1739          19
        1740          22
        1741          16
        1742          24
        1743          20
        1744          22
        1745          19
        1746          24
        1747          39
        1748          36
        1749          30
        1750          39
        1751          36
        1752          39
        1753          33
        1754          28
        1755          28
        1756          18
        1757           8
        1758          33
        1759          33
        1760          30
        1761          24
        1762          24
        1763          33
        1764          30
        1765          20
        1766          26
        1767          28
        1768          33
        1769          36
        1770          33
        1771          36
        1772          44
        1773          40
        1774          15
        1775          11
        1776          33
        1777          18
        1778          19
        1779          16
        1780          28
        1781          24
        1782          30
        1783          33
        1784          36
        1785          44
        1786          39
        1787          36
        1788          39
        1789          40
        1790          39
        1791          19
        1792         137
        1793         137
        1794          48
        1795          22
        1796          10
        1797           4
        1798           3
        1799           9
        1800           3
        1801           3
        1802           3
        1803           4
        1804           3
        1805          10
        1806           5
        1807           8
        1808           7
        1809           3
        1810         137
        1811         137
        1812          22
        1813          11
        1814           8
        1815           4
        1816           3
        1817           5
        1818           3
        1819           4
        1820           6
        1821          16
        1822           4
        1823           5
        1824           4
        1825           4
        1826           6
        1827           6
        1828         137
        1829          61
        1830          19
        1831           8
        1832          12
        1833           4
        1834           4
        1835           3
        1836           3
        1837           3
        1838           6
        1839           4
        1840           9
        1841           6
        1842           4
        1843           5
        1844           4
        1845           6
        1846         137
        1847         137
        1848          44
        1849          16
        1850          12
        1851           5
        1852           5
        1853           4
        1854           4
        1855           5
        1856           6
        1857           5
        1858           4
        1859           6
        1860          15
        1861           5
        1862          15
        1863           5
        1864         137
        1865         137
        1866          61
        1867          19
        1868          16
        1869           4
        1870           9
        1871           3
        1872           4
        1873           2
        1874           8
        1875           5
        1876           5
        1877          11
        1878           5
        1879           4
        1880          16
        1881           7
        1882         137
        1883          67
        1884          18
        1885          11
        1886           7
        1887           7
        1888           3
        1889           3
        1890           5
        1891           4
        1892           6
        1893           5
        1894           6
        1895           5
        1896          12
        1897           2
        1898           2
        1899          30
