  Group flight paths:- 
  0.387279E+01  0.388544E+01  0.391067E+01  0.293257E+01  0.288568E+01
  0.284219E+01  0.191017E+01  0.183414E+01  0.176717E+01
  Group scattering angles:- 
  0.276246E+01  0.538363E+01  0.841292E+01  0.148650E+02  0.186110E+02
  0.241698E+02  0.358800E+02  0.417418E+02  0.507324E+02
  Group azimuthal angles:- 
  0.000000E+00  0.000000E+00  0.000000E+00  0.000000E+00  0.000000E+00
  0.000000E+00  0.000000E+00  0.000000E+00  0.000000E+00
  Group number of each spectrum:-
     1  1      2  1      3  1      4  2      5  2
     6  2      7  3      8  3      9  3     10  3
    11  3     12  4     13  4     14  4     15  5
    16  5     17  5     18  6     19  6     20  6
    21  6     22  6     23  7     24  7     25  7
    26  8     27  8     28  9     29  0     30  9
    31  9     32  9     33  9
