 96
     -24     42     75    108    141    174    207    240    273    306    339
            372    405    438    471    504    537    570    603    636    669
            702    735    768    801
     -24     41     74    107    140    173    206    239    272    305    338
            371    404    437    470    503    536    569    602    635    668
            701    734    767    800
     -24     40     73    106    139    172    205    238    271    304    337
            370    403    436    469    502    535    568    601    634    667
            700    733    766    799
     -24     39     72    105    138    171    204    237    270    303    336
            369    402    435    468    501    534    567    600    633    666
            699    732    765    798
     -24     38     71    104    137    170    203    236    269    302    335
            368    401    434    467    500    533    566    599    632    665
            698    731    764    797
     -24     37     70    103    136    169    202    235    268    301    334
            367    400    433    466    499    532    565    598    631    664
            697    730    763    796
     -24     36     69    102    135    168    201    234    267    300    333
            366    399    432    465    498    531    564    597    630    663
            696    729    762    795
     -24     35     68    101    134    167    200    233    266    299    332
            365    398    431    464    497    530    563    596    629    662
            695    728    761    794
     -24     34     67    100    133    166    199    232    265    298    331
            364    397    430    463    496    529    562    595    628    661
            694    727    760    793
     -24     33     66     99    132    165    198    231    264    297    330
            363    396    429    462    495    528    561    594    627    660
            693    726    759    792
     -24     32     65     98    131    164    197    230    263    296    329
            362    395    428    461    494    527    560    593    626    659
            692    725    758    791
     -24     31     64     97    130    163    196    229    262    295    328
            361    394    427    460    493    526    559    592    625    658
            691    724    757    790
     -24     30     63     96    129    162    195    228    261    294    327
            360    393    426    459    492    525    558    591    624    657
            690    723    756    789
     -24     29     62     95    128    161    194    227    260    293    326
            359    392    425    458    491    524    557    590    623    656
            689    722    755    788
     -24     28     61     94    127    160    193    226    259    292    325
            358    391    424    457    490    523    556    589    622    655
            688    721    754    787
     -24     27     60     93    126    159    192    225    258    291    324
            357    390    423    456    489    522    555    588    621    654
            687    720    753    786
     -24     26     59     92    125    158    191    224    257    290    323
            356    389    422    455    488    521    554    587    620    653
            686    719    752    785
     -24     25     58     91    124    157    190    223    256    289    322
            355    388    421    454    487    520    553    586    619    652
            685    718    751    784
     -24     24     57     90    123    156    189    222    255    288    321
            354    387    420    453    486    519    552    585    618    651
            684    717    750    783
     -24     23     56     89    122    155    188    221    254    287    320
            353    386    419    452    485    518    551    584    617    650
            683    716    749    782
     -24     22     55     88    121    154    187    220    253    286    319
            352    385    418    451    484    517    550    583    616    649
            682    715    748    781
     -24     21     54     87    120    153    186    219    252    285    318
            351    384    417    450    483    516    549    582    615    648
            681    714    747    780
     -24     20     53     86    119    152    185    218    251    284    317
            350    383    416    449    482    515    548    581    614    647
            680    713    746    779
     -24     19     52     85    118    151    184    217    250    283    316
            349    382    415    448    481    514    547    580    613    646
            679    712    745    778
     -24     18     51     84    117    150    183    216    249    282    315
            348    381    414    447    480    513    546    579    612    645
            678    711    744    777
     -24     17     50     83    116    149    182    215    248    281    314
            347    380    413    446    479    512    545    578    611    644
            677    710    743    776
     -24     16     49     82    115    148    181    214    247    280    313
            346    379    412    445    478    511    544    577    610    643
            676    709    742    775
     -24     15     48     81    114    147    180    213    246    279    312
            345    378    411    444    477    510    543    576    609    642
            675    708    741    774
     -24     14     47     80    113    146    179    212    245    278    311
            344    377    410    443    476    509    542    575    608    641
            674    707    740    773
     -24     13     46     79    112    145    178    211    244    277    310
            343    376    409    442    475    508    541    574    607    640
            673    706    739    772
     -24     12     45     78    111    144    177    210    243    276    309
            342    375    408    441    474    507    540    573    606    639
            672    705    738    771
     -24     11     44     77    110    143    176    209    242    275    308
            341    374    407    440    473    506    539    572    605    638
            671    704    737    770
     -24     10     43     76    109    142    175    208    241    274    307
            340    373    406    439    472    505    538    571    604    637
            670    703    736    769
      -8    819    818    837    836   1377   1376   1395   1394
      -8    817    816    835    834   1375   1374   1393   1392
      -8    815    814    833    832   1373   1372   1391   1390
      -8    813    812    831    830   1371   1370   1389   1388
      -8    811    810    829    828   1369   1368   1387   1386
      -8    809    808    827    826   1367   1366   1385   1384
      -8    807    806    825    824   1365   1364   1383   1382
      -8    805    804    823    822   1363   1362   1381   1380
      -8    803    802    821    820   1361   1360   1379   1378
      -4    855    854   1413   1412
      -4    853    852   1411   1410
      -4    851    850   1409   1408
      -4    849    848   1407   1406
      -4    847    846   1405   1404
      -4    845    844   1403   1402
      -4    843    842   1401   1400
      -4    841    840   1399   1398
      -4    839    838   1397   1396
     -18    873    872    891    890    909    908    927    926    945    944
           1431   1430   1449   1448   1467   1466   1485   1484
     -18    871    870    889    888    907    906    925    924    943    942
           1429   1428   1447   1446   1465   1464   1483   1482
     -18    869    868    887    886    905    904    923    922    941    940
           1427   1426   1445   1444   1463   1462   1481   1480
     -18    867    866    885    884    903    902    921    920    939    938
           1425   1424   1443   1442   1461   1460   1479   1478
     -18    865    864    883    882    901    900    919    918    937    936
           1423   1422   1441   1440   1459   1458   1477   1476
     -18    863    862    881    880    899    898    917    916    935    934
           1421   1420   1439   1438   1457   1456   1475   1474
     -18    861    860    879    878    897    896    915    914    933    932
           1419   1418   1437   1436   1455   1454   1473   1472
     -18    859    858    877    876    895    894    913    912    931    930
           1417   1416   1435   1434   1453   1452   1471   1470
     -18    857    856    875    874    893    892    911    910    929    928
           1415   1414   1433   1432   1451   1450   1469   1468
     -20    963    962    981    980    999    998   1017   1016   1035   1034
           1503   1502   1521   1520   1539   1538   1557   1556   1575   1574
     -20    961    960    979    978    997    996   1015   1014   1033   1032
           1501   1500   1519   1518   1537   1536   1555   1554   1573   1572
     -20    959    958    977    976    995    994   1013   1012   1031   1030
           1499   1498   1517   1516   1535   1534   1553   1552   1571   1570
     -20    957    956    975    974    993    992   1011   1010   1029   1028
           1497   1496   1515   1514   1533   1532   1551   1550   1569   1568
     -20    955    954    973    972    991    990   1009   1008   1027   1026
           1495   1494   1513   1512   1531   1530   1549   1548   1567   1566
     -20    953    952    971    970    989    988   1007   1006   1025   1024
           1493   1492   1511   1510   1529   1528   1547   1546   1565   1564
     -20    951    950    969    968    987    986   1005   1004   1023   1022
           1491   1490   1509   1508   1527   1526   1545   1544   1563   1562
     -20    949    948    967    966    985    984   1003   1002   1021   1020
           1489   1488   1507   1506   1525   1524   1543   1542   1561   1560
     -20    947    946    965    964    983    982   1001   1000   1019   1018
           1487   1486   1505   1504   1523   1522   1541   1540   1559   1558
     -24   1053   1052   1071   1070   1089   1088   1107   1106   1125   1124
           1143   1142   1593   1592   1611   1610   1629   1628   1647   1646
           1665   1664   1683   1682
     -24   1051   1050   1069   1068   1087   1086   1105   1104   1123   1122
           1141   1140   1591   1590   1609   1608   1627   1626   1645   1644
           1663   1662   1681   1680
     -24   1049   1048   1067   1066   1085   1084   1103   1102   1121   1120
           1139   1138   1589   1588   1607   1606   1625   1624   1643   1642
           1661   1660   1679   1678
     -24   1047   1046   1065   1064   1083   1082   1101   1100   1119   1118
           1137   1136   1587   1586   1605   1604   1623   1622   1641   1640
           1659   1658   1677   1676
     -24   1045   1044   1063   1062   1081   1080   1099   1098   1117   1116
           1135   1134   1585   1584   1603   1602   1621   1620   1639   1638
           1657   1656   1675   1674
     -24   1043   1042   1061   1060   1079   1078   1097   1096   1115   1114
           1133   1132   1583   1582   1601   1600   1619   1618   1637   1636
           1655   1654   1673   1672
     -24   1041   1040   1059   1058   1077   1076   1095   1094   1113   1112
           1131   1130   1581   1580   1599   1598   1617   1616   1635   1634
           1653   1652   1671   1670
     -24   1039   1038   1057   1056   1075   1074   1093   1092   1111   1110
           1129   1128   1579   1578   1597   1596   1615   1614   1633   1632
           1651   1650   1669   1668
     -24   1037   1036   1055   1054   1073   1072   1091   1090   1109   1108
           1127   1126   1577   1576   1595   1594   1613   1612   1631   1630
           1649   1648   1667   1666
     -24   1161   1160   1179   1178   1197   1196   1215   1214   1233   1232
           1251   1250   1701   1700   1719   1718   1737   1736   1755   1754
           1773   1772   1791   1790
     -24   1159   1158   1177   1176   1195   1194   1213   1212   1231   1230
           1249   1248   1699   1698   1717   1716   1735   1734   1753   1752
           1771   1770   1789   1788
     -24   1157   1156   1175   1174   1193   1192   1211   1210   1229   1228
           1247   1246   1697   1696   1715   1714   1733   1732   1751   1750
           1769   1768   1787   1786
     -24   1155   1154   1173   1172   1191   1190   1209   1208   1227   1226
           1245   1244   1695   1694   1713   1712   1731   1730   1749   1748
           1767   1766   1785   1784
     -24   1153   1152   1171   1170   1189   1188   1207   1206   1225   1224
           1243   1242   1693   1692   1711   1710   1729   1728   1747   1746
           1765   1764   1783   1782
     -24   1151   1150   1169   1168   1187   1186   1205   1204   1223   1222
           1241   1240   1691   1690   1709   1708   1727   1726   1745   1744
           1763   1762   1781   1780
     -24   1149   1148   1167   1166   1185   1184   1203   1202   1221   1220
           1239   1238   1689   1688   1707   1706   1725   1724   1743   1742
           1761   1760   1779   1778
     -24   1147   1146   1165   1164   1183   1182   1201   1200   1219   1218
           1237   1236   1687   1686   1705   1704   1723   1722   1741   1740
           1759   1758   1777   1776
     -24   1145   1144   1163   1162   1181   1180   1199   1198   1217   1216
           1235   1234   1685   1684   1703   1702   1721   1720   1739   1738
           1757   1756   1775   1774
     -24   1269   1268   1287   1286   1305   1304   1323   1322   1341   1340
           1359   1358   1809   1808   1827   1826   1845   1844   1863   1862
           1881   1880   1899   1898
     -24   1267   1266   1285   1284   1303   1302   1321   1320   1339   1338
           1357   1356   1807   1806   1825   1824   1843   1842   1861   1860
           1879   1878   1897   1896
     -24   1265   1264   1283   1282   1301   1300   1319   1318   1337   1336
           1355   1354   1805   1804   1823   1822   1841   1840   1859   1858
           1877   1876   1895   1894
     -24   1263   1262   1281   1280   1299   1298   1317   1316   1335   1334
           1353   1352   1803   1802   1821   1820   1839   1838   1857   1856
           1875   1874   1893   1892
     -24   1261   1260   1279   1278   1297   1296   1315   1314   1333   1332
           1351   1350   1801   1800   1819   1818   1837   1836   1855   1854
           1873   1872   1891   1890
     -24   1259   1258   1277   1276   1295   1294   1313   1312   1331   1330
           1349   1348   1799   1798   1817   1816   1835   1834   1853   1852
           1871   1870   1889   1888
     -24   1257   1256   1275   1274   1293   1292   1311   1310   1329   1328
           1347   1346   1797   1796   1815   1814   1833   1832   1851   1850
           1869   1868   1887   1886
     -24   1255   1254   1273   1272   1291   1290   1309   1308   1327   1326
           1345   1344   1795   1794   1813   1812   1831   1830   1849   1848
           1867   1866   1885   1884
     -24   1253   1252   1271   1270   1289   1288   1307   1306   1325   1324
           1343   1342   1793   1792   1811   1810   1829   1828   1847   1846
           1865   1864   1883   1882
