 47
     -24     42     75    108    141    174    207    240    273    306    339
            372    405    438    471    504    537    570    603    636    669
            702    735    768    801
     -24     41     74    107    140    173    206    239    272    305    338
            371    404    437    470    503    536    569    602    635    668
            701    734    767    800
     -24     40     73    106    139    172    205    238    271    304    337
            370    403    436    469    502    535    568    601    634    667
            700    733    766    799
     -24     39     72    105    138    171    204    237    270    303    336
            369    402    435    468    501    534    567    600    633    666
            699    732    765    798
     -24     38     71    104    137    170    203    236    269    302    335
            368    401    434    467    500    533    566    599    632    665
            698    731    764    797
     -24     37     70    103    136    169    202    235    268    301    334
            367    400    433    466    499    532    565    598    631    664
            697    730    763    796
     -24     36     69    102    135    168    201    234    267    300    333
            366    399    432    465    498    531    564    597    630    663
            696    729    762    795
     -24     35     68    101    134    167    200    233    266    299    332
            365    398    431    464    497    530    563    596    629    662
            695    728    761    794
     -24     34     67    100    133    166    199    232    265    298    331
            364    397    430    463    496    529    562    595    628    661
            694    727    760    793
     -24     33     66     99    132    165    198    231    264    297    330
            363    396    429    462    495    528    561    594    627    660
            693    726    759    792
     -24     32     65     98    131    164    197    230    263    296    329
            362    395    428    461    494    527    560    593    626    659
            692    725    758    791
     -24     31     64     97    130    163    196    229    262    295    328
            361    394    427    460    493    526    559    592    625    658
            691    724    757    790
     -24     30     63     96    129    162    195    228    261    294    327
            360    393    426    459    492    525    558    591    624    657
            690    723    756    789
     -24     29     62     95    128    161    194    227    260    293    326
            359    392    425    458    491    524    557    590    623    656
            689    722    755    788
     -24     28     61     94    127    160    193    226    259    292    325
            358    391    424    457    490    523    556    589    622    655
            688    721    754    787
     -24     27     60     93    126    159    192    225    258    291    324
            357    390    423    456    489    522    555    588    621    654
            687    720    753    786
     -24     26     59     92    125    158    191    224    257    290    323
            356    389    422    455    488    521    554    587    620    653
            686    719    752    785
     -24     25     58     91    124    157    190    223    256    289    322
            355    388    421    454    487    520    553    586    619    652
            685    718    751    784
     -24     24     57     90    123    156    189    222    255    288    321
            354    387    420    453    486    519    552    585    618    651
            684    717    750    783
     -24     23     56     89    122    155    188    221    254    287    320
            353    386    419    452    485    518    551    584    617    650
            683    716    749    782
     -24     22     55     88    121    154    187    220    253    286    319
            352    385    418    451    484    517    550    583    616    649
            682    715    748    781
     -24     21     54     87    120    153    186    219    252    285    318
            351    384    417    450    483    516    549    582    615    648
            681    714    747    780
     -24     20     53     86    119    152    185    218    251    284    317
            350    383    416    449    482    515    548    581    614    647
            680    713    746    779
     -24     19     52     85    118    151    184    217    250    283    316
            349    382    415    448    481    514    547    580    613    646
            679    712    745    778
     -24     18     51     84    117    150    183    216    249    282    315
            348    381    414    447    480    513    546    579    612    645
            678    711    744    777
     -24     17     50     83    116    149    182    215    248    281    314
            347    380    413    446    479    512    545    578    611    644
            677    710    743    776
     -24     16     49     82    115    148    181    214    247    280    313
            346    379    412    445    478    511    544    577    610    643
            676    709    742    775
     -24     15     48     81    114    147    180    213    246    279    312
            345    378    411    444    477    510    543    576    609    642
            675    708    741    774
     -24     14     47     80    113    146    179    212    245    278    311
            344    377    410    443    476    509    542    575    608    641
            674    707    740    773
     -24     13     46     79    112    145    178    211    244    277    310
            343    376    409    442    475    508    541    574    607    640
            673    706    739    772
     -24     12     45     78    111    144    177    210    243    276    309
            342    375    408    441    474    507    540    573    606    639
            672    705    738    771
     -24     11     44     77    110    143    176    209    242    275    308
            341    374    407    440    473    506    539    572    605    638
            671    704    737    770
     -24     10     43     76    109    142    175    208    241    274    307
            340    373    406    439    472    505    538    571    604    637
            670    703    736    769
     -36    819    818    817    816    815    814    813    812    811    837
            836    835    834    833    832    831    830    829   1377   1376
           1375   1374   1373   1372   1371   1370   1369   1395   1394   1393
           1392   1391   1390   1389   1388   1387
     -36    810    809    808    807    806    805    804    803    802    828
            827    826    825    824    823    822    821    820   1368   1367
           1366   1365   1364   1363   1362   1361   1360   1386   1385   1384
           1383   1382   1381   1380   1379   1378
     -18    855    854    853    852    851    850    849    848    847   1413
           1412   1411   1410   1409   1408   1407   1406   1405
     -18    846    845    844    843    842    841    840    839    838   1404
           1403   1402   1401   1400   1399   1398   1397   1396
     -81    873    872    871    870    869    868    867    866    865    891
            890    889    888    887    886    885    884    883    909    908
            907    906    905    904    903    902    901    927    926    925
            924    923    922    921    920    919    945    944    943    942
            941    940    939    938    937   1431   1430   1429   1428   1427
           1426   1425   1424   1423   1449   1448   1447   1446   1445   1444
           1443   1442   1441   1467   1466   1465   1464   1463   1462   1461
           1460   1459   1485   1484   1483   1482   1481   1480   1479   1478
           1477
     -81    864    863    862    861    860    859    858    857    856    882
            881    880    879    878    877    876    875    874    900    899
            898    897    896    895    894    893    892    918    917    916
            915    914    913    912    911    910    936    935    934    933
            932    931    930    929    928   1422   1421   1420   1419   1418
           1417   1416   1415   1414   1440   1439   1438   1437   1436   1435
           1434   1433   1432   1458   1457   1456   1455   1454   1453   1452
           1451   1450   1476   1475   1474   1473   1472   1471   1470   1469
           1468
     -90    963    962    961    960    959    958    957    956    955    981
            980    979    978    977    976    975    974    973    999    998
            997    996    995    994    993    992    991   1017   1016   1015
           1014   1013   1012   1011   1010   1009   1035   1034   1033   1032
           1031   1030   1029   1028   1027   1503   1502   1501   1500   1499
           1498   1497   1496   1495   1521   1520   1519   1518   1517   1516
           1515   1514   1513   1539   1538   1537   1536   1535   1534   1533
           1532   1531   1557   1556   1555   1554   1553   1552   1551   1550
           1549   1575   1574   1573   1572   1571   1570   1569   1568   1567
     -90    954    953    952    951    950    949    948    947    946    972
            971    970    969    968    967    966    965    964    990    989
            988    987    986    985    984    983    982   1008   1007   1006
           1005   1004   1003   1002   1001   1000   1026   1025   1024   1023
           1022   1021   1020   1019   1018   1494   1493   1492   1491   1490
           1489   1488   1487   1486   1512   1511   1510   1509   1508   1507
           1506   1505   1504   1530   1529   1528   1527   1526   1525   1524
           1523   1522   1548   1547   1546   1545   1544   1543   1542   1541
           1540   1566   1565   1564   1563   1562   1561   1560   1559   1558
    -108   1053   1052   1051   1050   1049   1048   1047   1046   1045   1071
           1070   1069   1068   1067   1066   1065   1064   1063   1089   1088
           1087   1086   1085   1084   1083   1082   1081   1107   1106   1105
           1104   1103   1102   1101   1100   1099   1125   1124   1123   1122
           1121   1120   1119   1118   1117   1143   1142   1141   1140   1139
           1138   1137   1136   1135   1593   1592   1591   1590   1589   1588
           1587   1586   1585   1611   1610   1609   1608   1607   1606   1605
           1604   1603   1629   1628   1627   1626   1625   1624   1623   1622
           1621   1647   1646   1645   1644   1643   1642   1641   1640   1639
           1665   1664   1663   1662   1661   1660   1659   1658   1657   1683
           1682   1681   1680   1679   1678   1677   1676   1675
    -108   1044   1043   1042   1041   1040   1039   1038   1037   1036   1062
           1061   1060   1059   1058   1057   1056   1055   1054   1080   1079
           1078   1077   1076   1075   1074   1073   1072   1098   1097   1096
           1095   1094   1093   1092   1091   1090   1116   1115   1114   1113
           1112   1111   1110   1109   1108   1134   1133   1132   1131   1130
           1129   1128   1127   1126   1584   1583   1582   1581   1580   1579
           1578   1577   1576   1602   1601   1600   1599   1598   1597   1596
           1595   1594   1620   1619   1618   1617   1616   1615   1614   1613
           1612   1638   1637   1636   1635   1634   1633   1632   1631   1630
           1656   1655   1654   1653   1652   1651   1650   1649   1648   1674
           1673   1672   1671   1670   1669   1668   1667   1666
    -108   1161   1160   1159   1158   1157   1156   1155   1154   1153   1179
           1178   1177   1176   1175   1174   1173   1172   1171   1197   1196
           1195   1194   1193   1192   1191   1190   1189   1215   1214   1213
           1212   1211   1210   1209   1208   1207   1233   1232   1231   1230
           1229   1228   1227   1226   1225   1251   1250   1249   1248   1247
           1246   1245   1244   1243   1701   1700   1699   1698   1697   1696
           1695   1694   1693   1719   1718   1717   1716   1715   1714   1713
           1712   1711   1737   1736   1735   1734   1733   1732   1731   1730
           1729   1755   1754   1753   1752   1751   1750   1749   1748   1747
           1773   1772   1771   1770   1769   1768   1767   1766   1765   1791
           1790   1789   1788   1787   1786   1785   1784   1783
    -108   1152   1151   1150   1149   1148   1147   1146   1145   1144   1170
           1169   1168   1167   1166   1165   1164   1163   1162   1188   1187
           1186   1185   1184   1183   1182   1181   1180   1206   1205   1204
           1203   1202   1201   1200   1199   1198   1224   1223   1222   1221
           1220   1219   1218   1217   1216   1242   1241   1240   1239   1238
           1237   1236   1235   1234   1692   1691   1690   1689   1688   1687
           1686   1685   1684   1710   1709   1708   1707   1706   1705   1704
           1703   1702   1728   1727   1726   1725   1724   1723   1722   1721
           1720   1746   1745   1744   1743   1742   1741   1740   1739   1738
           1764   1763   1762   1761   1760   1759   1758   1757   1756   1782
           1781   1780   1779   1778   1777   1776   1775   1774
    -108   1269   1268   1267   1266   1265   1264   1263   1262   1261   1287
           1286   1285   1284   1283   1282   1281   1280   1279   1305   1304
           1303   1302   1301   1300   1299   1298   1297   1323   1322   1321
           1320   1319   1318   1317   1316   1315   1341   1340   1339   1338
           1337   1336   1335   1334   1333   1359   1358   1357   1356   1355
           1354   1353   1352   1351   1809   1808   1807   1806   1805   1804
           1803   1802   1801   1827   1826   1825   1824   1823   1822   1821
           1820   1819   1845   1844   1843   1842   1841   1840   1839   1838
           1837   1863   1862   1861   1860   1859   1858   1857   1856   1855
           1881   1880   1879   1878   1877   1876   1875   1874   1873   1899
           1898   1897   1896   1895   1894   1893   1892   1891
    -108   1260   1259   1258   1257   1256   1255   1254   1253   1252   1278
           1277   1276   1275   1274   1273   1272   1271   1270   1296   1295
           1294   1293   1292   1291   1290   1289   1288   1314   1313   1312
           1311   1310   1309   1308   1307   1306   1332   1331   1330   1329
           1328   1327   1326   1325   1324   1350   1349   1348   1347   1346
           1345   1344   1343   1342   1800   1799   1798   1797   1796   1795
           1794   1793   1792   1818   1817   1816   1815   1814   1813   1812
           1811   1810   1836   1835   1834   1833   1832   1831   1830   1829
           1828   1854   1853   1852   1851   1850   1849   1848   1847   1846
           1872   1871   1870   1869   1868   1867   1866   1865   1864   1890
           1889   1888   1887   1886   1885   1884   1883   1882
