 Number_of_entries
              2337
 Detector   Spectrum
 10101001          1
 10102001          2
 10103001          3
 10104001          4
 10104002          5
 10105001          6
 10105002          7
 10106001          8
 10106002          9
 20101001         10
 20101002         11
 20101003         12
 20101004         13
 20101005         14
 20101006         15
 20101007         16
 20101008         17
 20101009         18
 20101010         19
 20101011         20
 20101012         21
 20101013         22
 20101014         23
 20101015         24
 20101016         25
 20101017         26
 20101018         27
 20101019         28
 20101020         29
 20101021         30
 20101022         31
 20101023         32
 20101024         33
 20101025         34
 20101026         35
 20101027         36
 20101028         37
 20101029         38
 20101030         39
 20101031         40
 20101032         41
 20101033         42
 20102001         43
 20102002         44
 20102003         45
 20102004         46
 20102005         47
 20102006         48
 20102007         49
 20102008         50
 20102009         51
 20102010         52
 20102011         53
 20102012         54
 20102013         55
 20102014         56
 20102015         57
 20102016         58
 20102017         59
 20102018         60
 20102019         61
 20102020         62
 20102021         63
 20102022         64
 20102023         65
 20102024         66
 20102025         67
 20102026         68
 20102027         69
 20102028         70
 20102029         71
 20102030         72
 20102031         73
 20102032         74
 20102033         75
 20103001         76
 20103002         77
 20103003         78
 20103004         79
 20103005         80
 20103006         81
 20103007         82
 20103008         83
 20103009         84
 20103010         85
 20103011         86
 20103012         87
 20103013         88
 20103014         89
 20103015         90
 20103016         91
 20103017         92
 20103018         93
 20103019         94
 20103020         95
 20103021         96
 20103022         97
 20103023         98
 20103024         99
 20103025        100
 20103026        101
 20103027        102
 20103028        103
 20103029        104
 20103030        105
 20103031        106
 20103032        107
 20103033        108
 20104001        109
 20104002        110
 20104003        111
 20104004        112
 20104005        113
 20104006        114
 20104007        115
 20104008        116
 20104009        117
 20104010        118
 20104011        119
 20104012        120
 20104013        121
 20104014        122
 20104015        123
 20104016        124
 20104017        125
 20104018        126
 20104019        127
 20104020        128
 20104021        129
 20104022        130
 20104023        131
 20104024        132
 20104025        133
 20104026        134
 20104027        135
 20104028        136
 20104029        137
 20104030        138
 20104031        139
 20104032        140
 20104033        141
 20105001        142
 20105002        143
 20105003        144
 20105004        145
 20105005        146
 20105006        147
 20105007        148
 20105008        149
 20105009        150
 20105010        151
 20105011        152
 20105012        153
 20105013        154
 20105014        155
 20105015        156
 20105016        157
 20105017        158
 20105018        159
 20105019        160
 20105020        161
 20105021        162
 20105022        163
 20105023        164
 20105024        165
 20105025        166
 20105026        167
 20105027        168
 20105028        169
 20105029        170
 20105030        171
 20105031        172
 20105032        173
 20105033        174
 20106001        175
 20106002        176
 20106003        177
 20106004        178
 20106005        179
 20106006        180
 20106007        181
 20106008        182
 20106009        183
 20106010        184
 20106011        185
 20106012        186
 20106013        187
 20106014        188
 20106015        189
 20106016        190
 20106017        191
 20106018        192
 20106019        193
 20106020        194
 20106021        195
 20106022        196
 20106023        197
 20106024        198
 20106025        199
 20106026        200
 20106027        201
 20106028        202
 20106029        203
 20106030        204
 20106031        205
 20106032        206
 20106033        207
 20107001        208
 20107002        209
 20107003        210
 20107004        211
 20107005        212
 20107006        213
 20107007        214
 20107008        215
 20107009        216
 20107010        217
 20107011        218
 20107012        219
 20107013        220
 20107014        221
 20107015        222
 20107016        223
 20107017        224
 20107018        225
 20107019        226
 20107020        227
 20107021        228
 20107022        229
 20107023        230
 20107024        231
 20107025        232
 20107026        233
 20107027        234
 20107028        235
 20107029        236
 20107030        237
 20107031        238
 20107032        239
 20107033        240
 20108001        241
 20108002        242
 20108003        243
 20108004        244
 20108005        245
 20108006        246
 20108007        247
 20108008        248
 20108009        249
 20108010        250
 20108011        251
 20108012        252
 20108013        253
 20108014        254
 20108015        255
 20108016        256
 20108017        257
 20108018        258
 20108019        259
 20108020        260
 20108021        261
 20108022        262
 20108023        263
 20108024        264
 20108025        265
 20108026        266
 20108027        267
 20108028        268
 20108029        269
 20108030        270
 20108031        271
 20108032        272
 20108033        273
 20109001        274
 20109002        275
 20109003        276
 20109004        277
 20109005        278
 20109006        279
 20109007        280
 20109008        281
 20109009        282
 20109010        283
 20109011        284
 20109012        285
 20109013        286
 20109014        287
 20109015        288
 20109016        289
 20109017        290
 20109018        291
 20109019        292
 20109020        293
 20109021        294
 20109022        295
 20109023        296
 20109024        297
 20109025        298
 20109026        299
 20109027        300
 20109028        301
 20109029        302
 20109030        303
 20109031        304
 20109032        305
 20109033        306
 20110001        307
 20110002        308
 20110003        309
 20110004        310
 20110005        311
 20110006        312
 20110007        313
 20110008        314
 20110009        315
 20110010        316
 20110011        317
 20110012        318
 20110013        319
 20110014        320
 20110015        321
 20110016        322
 20110017        323
 20110018        324
 20110019        325
 20110020        326
 20110021        327
 20110022        328
 20110023        329
 20110024        330
 20110025        331
 20110026        332
 20110027        333
 20110028        334
 20110029        335
 20110030        336
 20110031        337
 20110032        338
 20110033        339
 20111001        340
 20111002        341
 20111003        342
 20111004        343
 20111005        344
 20111006        345
 20111007        346
 20111008        347
 20111009        348
 20111010        349
 20111011        350
 20111012        351
 20111013        352
 20111014        353
 20111015        354
 20111016        355
 20111017        356
 20111018        357
 20111019        358
 20111020        359
 20111021        360
 20111022        361
 20111023        362
 20111024        363
 20111025        364
 20111026        365
 20111027        366
 20111028        367
 20111029        368
 20111030        369
 20111031        370
 20111032        371
 20111033        372
 20112001        373
 20112002        374
 20112003        375
 20112004        376
 20112005        377
 20112006        378
 20112007        379
 20112008        380
 20112009        381
 20112010        382
 20112011        383
 20112012        384
 20112013        385
 20112014        386
 20112015        387
 20112016        388
 20112017        389
 20112018        390
 20112019        391
 20112020        392
 20112021        393
 20112022        394
 20112023        395
 20112024        396
 20112025        397
 20112026        398
 20112027        399
 20112028        400
 20112029        401
 20112030        402
 20112031        403
 20112032        404
 20112033        405
 20113001        406
 20113002        407
 20113003        408
 20113004        409
 20113005        410
 20113006        411
 20113007        412
 20113008        413
 20113009        414
 20113010        415
 20113011        416
 20113012        417
 20113013        418
 20113014        419
 20113015        420
 20113016        421
 20113017        422
 20113018        423
 20113019        424
 20113020        425
 20113021        426
 20113022        427
 20113023        428
 20113024        429
 20113025        430
 20113026        431
 20113027        432
 20113028        433
 20113029        434
 20113030        435
 20113031        436
 20113032        437
 20113033        438
 20114001        439
 20114002        440
 20114003        441
 20114004        442
 20114005        443
 20114006        444
 20114007        445
 20114008        446
 20114009        447
 20114010        448
 20114011        449
 20114012        450
 20114013        451
 20114014        452
 20114015        453
 20114016        454
 20114017        455
 20114018        456
 20114019        457
 20114020        458
 20114021        459
 20114022        460
 20114023        461
 20114024        462
 20114025        463
 20114026        464
 20114027        465
 20114028        466
 20114029        467
 20114030        468
 20114031        469
 20114032        470
 20114033        471
 20115001        472
 20115002        473
 20115003        474
 20115004        475
 20115005        476
 20115006        477
 20115007        478
 20115008        479
 20115009        480
 20115010        481
 20115011        482
 20115012        483
 20115013        484
 20115014        485
 20115015        486
 20115016        487
 20115017        488
 20115018        489
 20115019        490
 20115020        491
 20115021        492
 20115022        493
 20115023        494
 20115024        495
 20115025        496
 20115026        497
 20115027        498
 20115028        499
 20115029        500
 20115030        501
 20115031        502
 20115032        503
 20115033        504
 20116001        505
 20116002        506
 20116003        507
 20116004        508
 20116005        509
 20116006        510
 20116007        511
 20116008        512
 20116009        513
 20116010        514
 20116011        515
 20116012        516
 20116013        517
 20116014        518
 20116015        519
 20116016        520
 20116017        521
 20116018        522
 20116019        523
 20116020        524
 20116021        525
 20116022        526
 20116023        527
 20116024        528
 20116025        529
 20116026        530
 20116027        531
 20116028        532
 20116029        533
 20116030        534
 20116031        535
 20116032        536
 20116033        537
 20117001        538
 20117002        539
 20117003        540
 20117004        541
 20117005        542
 20117006        543
 20117007        544
 20117008        545
 20117009        546
 20117010        547
 20117011        548
 20117012        549
 20117013        550
 20117014        551
 20117015        552
 20117016        553
 20117017        554
 20117018        555
 20117019        556
 20117020        557
 20117021        558
 20117022        559
 20117023        560
 20117024        561
 20117025        562
 20117026        563
 20117027        564
 20117028        565
 20117029        566
 20117030        567
 20117031        568
 20117032        569
 20117033        570
 20118001        571
 20118002        572
 20118003        573
 20118004        574
 20118005        575
 20118006        576
 20118007        577
 20118008        578
 20118009        579
 20118010        580
 20118011        581
 20118012        582
 20118013        583
 20118014        584
 20118015        585
 20118016        586
 20118017        587
 20118018        588
 20118019        589
 20118020        590
 20118021        591
 20118022        592
 20118023        593
 20118024        594
 20118025        595
 20118026        596
 20118027        597
 20118028        598
 20118029        599
 20118030        600
 20118031        601
 20118032        602
 20118033        603
 20119001        604
 20119002        605
 20119003        606
 20119004        607
 20119005        608
 20119006        609
 20119007        610
 20119008        611
 20119009        612
 20119010        613
 20119011        614
 20119012        615
 20119013        616
 20119014        617
 20119015        618
 20119016        619
 20119017        620
 20119018        621
 20119019        622
 20119020        623
 20119021        624
 20119022        625
 20119023        626
 20119024        627
 20119025        628
 20119026        629
 20119027        630
 20119028        631
 20119029        632
 20119030        633
 20119031        634
 20119032        635
 20119033        636
 20120001        637
 20120002        638
 20120003        639
 20120004        640
 20120005        641
 20120006        642
 20120007        643
 20120008        644
 20120009        645
 20120010        646
 20120011        647
 20120012        648
 20120013        649
 20120014        650
 20120015        651
 20120016        652
 20120017        653
 20120018        654
 20120019        655
 20120020        656
 20120021        657
 20120022        658
 20120023        659
 20120024        660
 20120025        661
 20120026        662
 20120027        663
 20120028        664
 20120029        665
 20120030        666
 20120031        667
 20120032        668
 20120033        669
 20121001        670
 20121002        671
 20121003        672
 20121004        673
 20121005        674
 20121006        675
 20121007        676
 20121008        677
 20121009        678
 20121010        679
 20121011        680
 20121012        681
 20121013        682
 20121014        683
 20121015        684
 20121016        685
 20121017        686
 20121018        687
 20121019        688
 20121020        689
 20121021        690
 20121022        691
 20121023        692
 20121024        693
 20121025        694
 20121026        695
 20121027        696
 20121028        697
 20121029        698
 20121030        699
 20121031        700
 20121032        701
 20121033        702
 20122001        703
 20122002        704
 20122003        705
 20122004        706
 20122005        707
 20122006        708
 20122007        709
 20122008        710
 20122009        711
 20122010        712
 20122011        713
 20122012        714
 20122013        715
 20122014        716
 20122015        717
 20122016        718
 20122017        719
 20122018        720
 20122019        721
 20122020        722
 20122021        723
 20122022        724
 20122023        725
 20122024        726
 20122025        727
 20122026        728
 20122027        729
 20122028        730
 20122029        731
 20122030        732
 20122031        733
 20122032        734
 20122033        735
 20123001        736
 20123002        737
 20123003        738
 20123004        739
 20123005        740
 20123006        741
 20123007        742
 20123008        743
 20123009        744
 20123010        745
 20123011        746
 20123012        747
 20123013        748
 20123014        749
 20123015        750
 20123016        751
 20123017        752
 20123018        753
 20123019        754
 20123020        755
 20123021        756
 20123022        757
 20123023        758
 20123024        759
 20123025        760
 20123026        761
 20123027        762
 20123028        763
 20123029        764
 20123030        765
 20123031        766
 20123032        767
 20123033        768
 20124001        769
 20124002        770
 20124003        771
 20124004        772
 20124005        773
 20124006        774
 20124007        775
 20124008        776
 20124009        777
 20124010        778
 20124011        779
 20124012        780
 20124013        781
 20124014        782
 20124015        783
 20124016        784
 20124017        785
 20124018        786
 20124019        787
 20124020        788
 20124021        789
 20124022        790
 20124023        791
 20124024        792
 20124025        793
 20124026        794
 20124027        795
 20124028        796
 20124029        797
 20124030        798
 20124031        799
 20124032        800
 20124033        801
 30201001        802
 30201002        803
 30201003        804
 30201004        805
 30201005        806
 30201006        807
 30201007        808
 30201008        809
 30201009        810
 30201010        811
 30201011        812
 30201012        813
 30201013        814
 30201014        815
 30201015        816
 30201016        817
 30201017        818
 30201018        819
 30201019        820
 30201020        821
 30202001        822
 30202002        823
 30202003        824
 30202004        825
 30202005        826
 30202006        827
 30202007        828
 30202008        829
 30202009        830
 30202010        831
 30202011        832
 30202012        833
 30202013        834
 30202014        835
 30202015        836
 30202016        837
 30202017        838
 30202018        839
 30202019        840
 30202020        841
 30203001        842
 30203002        843
 30203003        844
 30203004        845
 30203005        846
 30203006        847
 30203007        848
 30203008        849
 30203009        850
 30203010        851
 30203011        852
 30203012        853
 30203013        854
 30203014        855
 30203015        856
 30203016        857
 30203017        858
 30203018        859
 30203019        860
 30203020        861
 30204001        862
 30204002        863
 30204003        864
 30204004        865
 30204005        866
 30204006        867
 30204007        868
 30204008        869
 30204009        870
 30204010        871
 30204011        872
 30204012        873
 30204013        874
 30204014        875
 30204015        876
 30204016        877
 30204017        878
 30204018        879
 30204019        880
 30204020        881
 30205001        882
 30205002        883
 30205003        884
 30205004        885
 30205005        886
 30205006        887
 30205007        888
 30205008        889
 30205009        890
 30205010        891
 30205011        892
 30205012        893
 30205013        894
 30205014        895
 30205015        896
 30205016        897
 30205017        898
 30205018        899
 30205019        900
 30205020        901
 30206001        902
 30206002        903
 30206003        904
 30206004        905
 30206005        906
 30206006        907
 30206007        908
 30206008        909
 30206009        910
 30206010        911
 30206011        912
 30206012        913
 30206013        914
 30206014        915
 30206015        916
 30206016        917
 30206017        918
 30206018        919
 30206019        920
 30206020        921
 40301001        922
 40301002        923
 40301003        924
 40301004        925
 40301005        926
 40301006        927
 40301007        928
 40301008        929
 40301009        930
 40301010        931
 40301011        932
 40301012        933
 40301013        934
 40301014        935
 40301015        936
 40301016        937
 40301017        938
 40301018        939
 40302001        940
 40302002        941
 40302003        942
 40302004        943
 40302005        944
 40302006        945
 40302007        946
 40302008        947
 40302009        948
 40302010        949
 40302011        950
 40302012        951
 40302013        952
 40302014        953
 40302015        954
 40302016        955
 40302017        956
 40302018        957
 40303001        958
 40303002        959
 40303003        960
 40303004        961
 40303005        962
 40303006        963
 40303007        964
 40303008        965
 40303009        966
 40303010        967
 40303011        968
 40303012        969
 40303013        970
 40303014        971
 40303015        972
 40303016        973
 40303017        974
 40303018        975
 40304001        976
 40304002        977
 40304003        978
 40304004        979
 40304005        980
 40304006        981
 40304007        982
 40304008        983
 40304009        984
 40304010        985
 40304011        986
 40304012        987
 40304013        988
 40304014        989
 40304015        990
 40304016        991
 40304017        992
 40304018        993
 40305001        994
 40305002        995
 40305003        996
 40305004        997
 40305005        998
 40305006        999
 40305007       1000
 40305008       1001
 40305009       1002
 40305010       1003
 40305011       1004
 40305012       1005
 40305013       1006
 40305014       1007
 40305015       1008
 40305016       1009
 40305017       1010
 40305018       1011
 40306001       1012
 40306002       1013
 40306003       1014
 40306004       1015
 40306005       1016
 40306006       1017
 40306007       1018
 40306008       1019
 40306009       1020
 40306010       1021
 40306011       1022
 40306012       1023
 40306013       1024
 40306014       1025
 40306015       1026
 40306016       1027
 40306017       1028
 40306018       1029
 40401001       1030
 40401002       1031
 40401003       1032
 40401004       1033
 40401005       1034
 40401006       1035
 40401007       1036
 40401008       1037
 40401009       1038
 40401010       1039
 40401011       1040
 40401012       1041
 40401013       1042
 40401014       1043
 40401015       1044
 40401016       1045
 40401017       1046
 40401018       1047
 40402001       1048
 40402002       1049
 40402003       1050
 40402004       1051
 40402005       1052
 40402006       1053
 40402007       1054
 40402008       1055
 40402009       1056
 40402010       1057
 40402011       1058
 40402012       1059
 40402013       1060
 40402014       1061
 40402015       1062
 40402016       1063
 40402017       1064
 40402018       1065
 40403001       1066
 40403002       1067
 40403003       1068
 40403004       1069
 40403005       1070
 40403006       1071
 40403007       1072
 40403008       1073
 40403009       1074
 40403010       1075
 40403011       1076
 40403012       1077
 40403013       1078
 40403014       1079
 40403015       1080
 40403016       1081
 40403017       1082
 40403018       1083
 40404001       1084
 40404002       1085
 40404003       1086
 40404004       1087
 40404005       1088
 40404006       1089
 40404007       1090
 40404008       1091
 40404009       1092
 40404010       1093
 40404011       1094
 40404012       1095
 40404013       1096
 40404014       1097
 40404015       1098
 40404016       1099
 40404017       1100
 40404018       1101
 40405001       1102
 40405002       1103
 40405003       1104
 40405004       1105
 40405005       1106
 40405006       1107
 40405007       1108
 40405008       1109
 40405009       1110
 40405010       1111
 40405011       1112
 40405012       1113
 40405013       1114
 40405014       1115
 40405015       1116
 40405016       1117
 40405017       1118
 40405018       1119
 40406001       1120
 40406002       1121
 40406003       1122
 40406004       1123
 40406005       1124
 40406006       1125
 40406007       1126
 40406008       1127
 40406009       1128
 40406010       1129
 40406011       1130
 40406012       1131
 40406013       1132
 40406014       1133
 40406015       1134
 40406016       1135
 40406017       1136
 40406018       1137
 40501001       1138
 40501002       1139
 40501003       1140
 40501004       1141
 40501005       1142
 40501006       1143
 40501007       1144
 40501008       1145
 40501009       1146
 40501010       1147
 40501011       1148
 40501012       1149
 40501013       1150
 40501014       1151
 40501015       1152
 40501016       1153
 40501017       1154
 40501018       1155
 40502001       1156
 40502002       1157
 40502003       1158
 40502004       1159
 40502005       1160
 40502006       1161
 40502007       1162
 40502008       1163
 40502009       1164
 40502010       1165
 40502011       1166
 40502012       1167
 40502013       1168
 40502014       1169
 40502015       1170
 40502016       1171
 40502017       1172
 40502018       1173
 40503001       1174
 40503002       1175
 40503003       1176
 40503004       1177
 40503005       1178
 40503006       1179
 40503007       1180
 40503008       1181
 40503009       1182
 40503010       1183
 40503011       1184
 40503012       1185
 40503013       1186
 40503014       1187
 40503015       1188
 40503016       1189
 40503017       1190
 40503018       1191
 40504001       1192
 40504002       1193
 40504003       1194
 40504004       1195
 40504005       1196
 40504006       1197
 40504007       1198
 40504008       1199
 40504009       1200
 40504010       1201
 40504011       1202
 40504012       1203
 40504013       1204
 40504014       1205
 40504015       1206
 40504016       1207
 40504017       1208
 40504018       1209
 40505001       1210
 40505002       1211
 40505003       1212
 40505004       1213
 40505005       1214
 40505006       1215
 40505007       1216
 40505008       1217
 40505009       1218
 40505010       1219
 40505011       1220
 40505012       1221
 40505013       1222
 40505014       1223
 40505015       1224
 40505016       1225
 40505017       1226
 40505018       1227
 40506001       1228
 40506002       1229
 40506003       1230
 40506004       1231
 40506005       1232
 40506006       1233
 40506007       1234
 40506008       1235
 40506009       1236
 40506010       1237
 40506011       1238
 40506012       1239
 40506013       1240
 40506014       1241
 40506015       1242
 40506016       1243
 40506017       1244
 40506018       1245
 40601001       1246
 40601002       1247
 40601003       1248
 40601004       1249
 40601005       1250
 40601006       1251
 40601007       1252
 40601008       1253
 40601009       1254
 40601010       1255
 40601011       1256
 40601012       1257
 40601013       1258
 40601014       1259
 40601015       1260
 40601016       1261
 40601017       1262
 40601018       1263
 40602001       1264
 40602002       1265
 40602003       1266
 40602004       1267
 40602005       1268
 40602006       1269
 40602007       1270
 40602008       1271
 40602009       1272
 40602010       1273
 40602011       1274
 40602012       1275
 40602013       1276
 40602014       1277
 40602015       1278
 40602016       1279
 40602017       1280
 40602018       1281
 40603001       1282
 40603002       1283
 40603003       1284
 40603004       1285
 40603005       1286
 40603006       1287
 40603007       1288
 40603008       1289
 40603009       1290
 40603010       1291
 40603011       1292
 40603012       1293
 40603013       1294
 40603014       1295
 40603015       1296
 40603016       1297
 40603017       1298
 40603018       1299
 40604001       1300
 40604002       1301
 40604003       1302
 40604004       1303
 40604005       1304
 40604006       1305
 40604007       1306
 40604008       1307
 40604009       1308
 40604010       1309
 40604011       1310
 40604012       1311
 40604013       1312
 40604014       1313
 40604015       1314
 40604016       1315
 40604017       1316
 40604018       1317
 40605001       1318
 40605002       1319
 40605003       1320
 40605004       1321
 40605005       1322
 40605006       1323
 40605007       1324
 40605008       1325
 40605009       1326
 40605010       1327
 40605011       1328
 40605012       1329
 40605013       1330
 40605014       1331
 40605015       1332
 40605016       1333
 40605017       1334
 40605018       1335
 40606001       1336
 40606002       1337
 40606003       1338
 40606004       1339
 40606005       1340
 40606006       1341
 40606007       1342
 40606008       1343
 40606009       1344
 40606010       1345
 40606011       1346
 40606012       1347
 40606013       1348
 40606014       1349
 40606015       1350
 40606016       1351
 40606017       1352
 40606018       1353
 40701001       1354
 40701002       1355
 40701003       1356
 40701004       1357
 40701005       1358
 40701006       1359
 40701007       1360
 40701008       1361
 40701009       1362
 40701010       1363
 40701011       1364
 40701012       1365
 40701013       1366
 40701014       1367
 40701015       1368
 40701016       1369
 40701017       1370
 40701018       1371
 40702001       1372
 40702002       1373
 40702003       1374
 40702004       1375
 40702005       1376
 40702006       1377
 40702007       1378
 40702008       1379
 40702009       1380
 40702010       1381
 40702011       1382
 40702012       1383
 40702013       1384
 40702014       1385
 40702015       1386
 40702016       1387
 40702017       1388
 40702018       1389
 40703001       1390
 40703002       1391
 40703003       1392
 40703004       1393
 40703005       1394
 40703006       1395
 40703007       1396
 40703008       1397
 40703009       1398
 40703010       1399
 40703011       1400
 40703012       1401
 40703013       1402
 40703014       1403
 40703015       1404
 40703016       1405
 40703017       1406
 40703018       1407
 40704001       1408
 40704002       1409
 40704003       1410
 40704004       1411
 40704005       1412
 40704006       1413
 40704007       1414
 40704008       1415
 40704009       1416
 40704010       1417
 40704011       1418
 40704012       1419
 40704013       1420
 40704014       1421
 40704015       1422
 40704016       1423
 40704017       1424
 40704018       1425
 40705001       1426
 40705002       1427
 40705003       1428
 40705004       1429
 40705005       1430
 40705006       1431
 40705007       1432
 40705008       1433
 40705009       1434
 40705010       1435
 40705011       1436
 40705012       1437
 40705013       1438
 40705014       1439
 40705015       1440
 40705016       1441
 40705017       1442
 40705018       1443
 40706001       1444
 40706002       1445
 40706003       1446
 40706004       1447
 40706005       1448
 40706006       1449
 40706007       1450
 40706008       1451
 40706009       1452
 40706010       1453
 40706011       1454
 40706012       1455
 40706013       1456
 40706014       1457
 40706015       1458
 40706016       1459
 40706017       1460
 40706018       1461
 40801001       1462
 40801002       1463
 40801003       1464
 40801004       1465
 40801005       1466
 40801006       1467
 40801007       1468
 40801008       1469
 40801009       1470
 40801010       1471
 40801011       1472
 40801012       1473
 40801013       1474
 40801014       1475
 40801015       1476
 40801016       1477
 40801017       1478
 40801018       1479
 40802001       1480
 40802002       1481
 40802003       1482
 40802004       1483
 40802005       1484
 40802006       1485
 40802007       1486
 40802008       1487
 40802009       1488
 40802010       1489
 40802011       1490
 40802012       1491
 40802013       1492
 40802014       1493
 40802015       1494
 40802016       1495
 40802017       1496
 40802018       1497
 40803001       1498
 40803002       1499
 40803003       1500
 40803004       1501
 40803005       1502
 40803006       1503
 40803007       1504
 40803008       1505
 40803009       1506
 40803010       1507
 40803011       1508
 40803012       1509
 40803013       1510
 40803014       1511
 40803015       1512
 40803016       1513
 40803017       1514
 40803018       1515
 40804001       1516
 40804002       1517
 40804003       1518
 40804004       1519
 40804005       1520
 40804006       1521
 40804007       1522
 40804008       1523
 40804009       1524
 40804010       1525
 40804011       1526
 40804012       1527
 40804013       1528
 40804014       1529
 40804015       1530
 40804016       1531
 40804017       1532
 40804018       1533
 40805001       1534
 40805002       1535
 40805003       1536
 40805004       1537
 40805005       1538
 40805006       1539
 40805007       1540
 40805008       1541
 40805009       1542
 40805010       1543
 40805011       1544
 40805012       1545
 40805013       1546
 40805014       1547
 40805015       1548
 40805016       1549
 40805017       1550
 40805018       1551
 40806001       1552
 40806002       1553
 40806003       1554
 40806004       1555
 40806005       1556
 40806006       1557
 40806007       1558
 40806008       1559
 40806009       1560
 40806010       1561
 40806011       1562
 40806012       1563
 40806013       1564
 40806014       1565
 40806015       1566
 40806016       1567
 40806017       1568
 40806018       1569
 50201001       1570
 50201002       1571
 50201003       1572
 50201004       1573
 50201005       1574
 50201006       1575
 50201007       1576
 50201008       1577
 50201009       1578
 50201010       1579
 50201011       1580
 50201012       1581
 50201013       1582
 50201014       1583
 50201015       1584
 50201016       1585
 50201017       1586
 50201018       1587
 50201019       1588
 50201020       1589
 50202001       1590
 50202002       1591
 50202003       1592
 50202004       1593
 50202005       1594
 50202006       1595
 50202007       1596
 50202008       1597
 50202009       1598
 50202010       1599
 50202011       1600
 50202012       1601
 50202013       1602
 50202014       1603
 50202015       1604
 50202016       1605
 50202017       1606
 50202018       1607
 50202019       1608
 50202020       1609
 50203001       1610
 50203002       1611
 50203003       1612
 50203004       1613
 50203005       1614
 50203006       1615
 50203007       1616
 50203008       1617
 50203009       1618
 50203010       1619
 50203011       1620
 50203012       1621
 50203013       1622
 50203014       1623
 50203015       1624
 50203016       1625
 50203017       1626
 50203018       1627
 50203019       1628
 50203020       1629
 50204001       1630
 50204002       1631
 50204003       1632
 50204004       1633
 50204005       1634
 50204006       1635
 50204007       1636
 50204008       1637
 50204009       1638
 50204010       1639
 50204011       1640
 50204012       1641
 50204013       1642
 50204014       1643
 50204015       1644
 50204016       1645
 50204017       1646
 50204018       1647
 50204019       1648
 50204020       1649
 50205001       1650
 50205002       1651
 50205003       1652
 50205004       1653
 50205005       1654
 50205006       1655
 50205007       1656
 50205008       1657
 50205009       1658
 50205010       1659
 50205011       1660
 50205012       1661
 50205013       1662
 50205014       1663
 50205015       1664
 50205016       1665
 50205017       1666
 50205018       1667
 50205019       1668
 50205020       1669
 50206001       1670
 50206002       1671
 50206003       1672
 50206004       1673
 50206005       1674
 50206006       1675
 50206007       1676
 50206008       1677
 50206009       1678
 50206010       1679
 50206011       1680
 50206012       1681
 50206013       1682
 50206014       1683
 50206015       1684
 50206016       1685
 50206017       1686
 50206018       1687
 50206019       1688
 50206020       1689
 60301001       1690
 60301002       1691
 60301003       1692
 60301004       1693
 60301005       1694
 60301006       1695
 60301007       1696
 60301008       1697
 60301009       1698
 60301010       1699
 60301011       1700
 60301012       1701
 60301013       1702
 60301014       1703
 60301015       1704
 60301016       1705
 60301017       1706
 60301018       1707
 60302001       1708
 60302002       1709
 60302003       1710
 60302004       1711
 60302005       1712
 60302006       1713
 60302007       1714
 60302008       1715
 60302009       1716
 60302010       1717
 60302011       1718
 60302012       1719
 60302013       1720
 60302014       1721
 60302015       1722
 60302016       1723
 60302017       1724
 60302018       1725
 60303001       1726
 60303002       1727
 60303003       1728
 60303004       1729
 60303005       1730
 60303006       1731
 60303007       1732
 60303008       1733
 60303009       1734
 60303010       1735
 60303011       1736
 60303012       1737
 60303013       1738
 60303014       1739
 60303015       1740
 60303016       1741
 60303017       1742
 60303018       1743
 60304001       1744
 60304002       1745
 60304003       1746
 60304004       1747
 60304005       1748
 60304006       1749
 60304007       1750
 60304008       1751
 60304009       1752
 60304010       1753
 60304011       1754
 60304012       1755
 60304013       1756
 60304014       1757
 60304015       1758
 60304016       1759
 60304017       1760
 60304018       1761
 60305001       1762
 60305002       1763
 60305003       1764
 60305004       1765
 60305005       1766
 60305006       1767
 60305007       1768
 60305008       1769
 60305009       1770
 60305010       1771
 60305011       1772
 60305012       1773
 60305013       1774
 60305014       1775
 60305015       1776
 60305016       1777
 60305017       1778
 60305018       1779
 60306001       1780
 60306002       1781
 60306003       1782
 60306004       1783
 60306005       1784
 60306006       1785
 60306007       1786
 60306008       1787
 60306009       1788
 60306010       1789
 60306011       1790
 60306012       1791
 60306013       1792
 60306014       1793
 60306015       1794
 60306016       1795
 60306017       1796
 60306018       1797
 60401001       1798
 60401002       1799
 60401003       1800
 60401004       1801
 60401005       1802
 60401006       1803
 60401007       1804
 60401008       1805
 60401009       1806
 60401010       1807
 60401011       1808
 60401012       1809
 60401013       1810
 60401014       1811
 60401015       1812
 60401016       1813
 60401017       1814
 60401018       1815
 60402001       1816
 60402002       1817
 60402003       1818
 60402004       1819
 60402005       1820
 60402006       1821
 60402007       1822
 60402008       1823
 60402009       1824
 60402010       1825
 60402011       1826
 60402012       1827
 60402013       1828
 60402014       1829
 60402015       1830
 60402016       1831
 60402017       1832
 60402018       1833
 60403001       1834
 60403002       1835
 60403003       1836
 60403004       1837
 60403005       1838
 60403006       1839
 60403007       1840
 60403008       1841
 60403009       1842
 60403010       1843
 60403011       1844
 60403012       1845
 60403013       1846
 60403014       1847
 60403015       1848
 60403016       1849
 60403017       1850
 60403018       1851
 60404001       1852
 60404002       1853
 60404003       1854
 60404004       1855
 60404005       1856
 60404006       1857
 60404007       1858
 60404008       1859
 60404009       1860
 60404010       1861
 60404011       1862
 60404012       1863
 60404013       1864
 60404014       1865
 60404015       1866
 60404016       1867
 60404017       1868
 60404018       1869
 60405001       1870
 60405002       1871
 60405003       1872
 60405004       1873
 60405005       1874
 60405006       1875
 60405007       1876
 60405008       1877
 60405009       1878
 60405010       1879
 60405011       1880
 60405012       1881
 60405013       1882
 60405014       1883
 60405015       1884
 60405016       1885
 60405017       1886
 60405018       1887
 60406001       1888
 60406002       1889
 60406003       1890
 60406004       1891
 60406005       1892
 60406006       1893
 60406007       1894
 60406008       1895
 60406009       1896
 60406010       1897
 60406011       1898
 60406012       1899
 60406013       1900
 60406014       1901
 60406015       1902
 60406016       1903
 60406017       1904
 60406018       1905
 60501001       1906
 60501002       1907
 60501003       1908
 60501004       1909
 60501005       1910
 60501006       1911
 60501007       1912
 60501008       1913
 60501009       1914
 60501010       1915
 60501011       1916
 60501012       1917
 60501013       1918
 60501014       1919
 60501015       1920
 60501016       1921
 60501017       1922
 60501018       1923
 60502001       1924
 60502002       1925
 60502003       1926
 60502004       1927
 60502005       1928
 60502006       1929
 60502007       1930
 60502008       1931
 60502009       1932
 60502010       1933
 60502011       1934
 60502012       1935
 60502013       1936
 60502014       1937
 60502015       1938
 60502016       1939
 60502017       1940
 60502018       1941
 60503001       1942
 60503002       1943
 60503003       1944
 60503004       1945
 60503005       1946
 60503006       1947
 60503007       1948
 60503008       1949
 60503009       1950
 60503010       1951
 60503011       1952
 60503012       1953
 60503013       1954
 60503014       1955
 60503015       1956
 60503016       1957
 60503017       1958
 60503018       1959
 60504001       1960
 60504002       1961
 60504003       1962
 60504004       1963
 60504005       1964
 60504006       1965
 60504007       1966
 60504008       1967
 60504009       1968
 60504010       1969
 60504011       1970
 60504012       1971
 60504013       1972
 60504014       1973
 60504015       1974
 60504016       1975
 60504017       1976
 60504018       1977
 60505001       1978
 60505002       1979
 60505003       1980
 60505004       1981
 60505005       1982
 60505006       1983
 60505007       1984
 60505008       1985
 60505009       1986
 60505010       1987
 60505011       1988
 60505012       1989
 60505013       1990
 60505014       1991
 60505015       1992
 60505016       1993
 60505017       1994
 60505018       1995
 60506001       1996
 60506002       1997
 60506003       1998
 60506004       1999
 60506005       2000
 60506006       2001
 60506007       2002
 60506008       2003
 60506009       2004
 60506010       2005
 60506011       2006
 60506012       2007
 60506013       2008
 60506014       2009
 60506015       2010
 60506016       2011
 60506017       2012
 60506018       2013
 60601001       2014
 60601002       2015
 60601003       2016
 60601004       2017
 60601005       2018
 60601006       2019
 60601007       2020
 60601008       2021
 60601009       2022
 60601010       2023
 60601011       2024
 60601012       2025
 60601013       2026
 60601014       2027
 60601015       2028
 60601016       2029
 60601017       2030
 60601018       2031
 60602001       2032
 60602002       2033
 60602003       2034
 60602004       2035
 60602005       2036
 60602006       2037
 60602007       2038
 60602008       2039
 60602009       2040
 60602010       2041
 60602011       2042
 60602012       2043
 60602013       2044
 60602014       2045
 60602015       2046
 60602016       2047
 60602017       2048
 60602018       2049
 60603001       2050
 60603002       2051
 60603003       2052
 60603004       2053
 60603005       2054
 60603006       2055
 60603007       2056
 60603008       2057
 60603009       2058
 60603010       2059
 60603011       2060
 60603012       2061
 60603013       2062
 60603014       2063
 60603015       2064
 60603016       2065
 60603017       2066
 60603018       2067
 60604001       2068
 60604002       2069
 60604003       2070
 60604004       2071
 60604005       2072
 60604006       2073
 60604007       2074
 60604008       2075
 60604009       2076
 60604010       2077
 60604011       2078
 60604012       2079
 60604013       2080
 60604014       2081
 60604015       2082
 60604016       2083
 60604017       2084
 60604018       2085
 60605001       2086
 60605002       2087
 60605003       2088
 60605004       2089
 60605005       2090
 60605006       2091
 60605007       2092
 60605008       2093
 60605009       2094
 60605010       2095
 60605011       2096
 60605012       2097
 60605013       2098
 60605014       2099
 60605015       2100
 60605016       2101
 60605017       2102
 60605018       2103
 60606001       2104
 60606002       2105
 60606003       2106
 60606004       2107
 60606005       2108
 60606006       2109
 60606007       2110
 60606008       2111
 60606009       2112
 60606010       2113
 60606011       2114
 60606012       2115
 60606013       2116
 60606014       2117
 60606015       2118
 60606016       2119
 60606017       2120
 60606018       2121
 60701001       2122
 60701002       2123
 60701003       2124
 60701004       2125
 60701005       2126
 60701006       2127
 60701007       2128
 60701008       2129
 60701009       2130
 60701010       2131
 60701011       2132
 60701012       2133
 60701013       2134
 60701014       2135
 60701015       2136
 60701016       2137
 60701017       2138
 60701018       2139
 60702001       2140
 60702002       2141
 60702003       2142
 60702004       2143
 60702005       2144
 60702006       2145
 60702007       2146
 60702008       2147
 60702009       2148
 60702010       2149
 60702011       2150
 60702012       2151
 60702013       2152
 60702014       2153
 60702015       2154
 60702016       2155
 60702017       2156
 60702018       2157
 60703001       2158
 60703002       2159
 60703003       2160
 60703004       2161
 60703005       2162
 60703006       2163
 60703007       2164
 60703008       2165
 60703009       2166
 60703010       2167
 60703011       2168
 60703012       2169
 60703013       2170
 60703014       2171
 60703015       2172
 60703016       2173
 60703017       2174
 60703018       2175
 60704001       2176
 60704002       2177
 60704003       2178
 60704004       2179
 60704005       2180
 60704006       2181
 60704007       2182
 60704008       2183
 60704009       2184
 60704010       2185
 60704011       2186
 60704012       2187
 60704013       2188
 60704014       2189
 60704015       2190
 60704016       2191
 60704017       2192
 60704018       2193
 60705001       2194
 60705002       2195
 60705003       2196
 60705004       2197
 60705005       2198
 60705006       2199
 60705007       2200
 60705008       2201
 60705009       2202
 60705010       2203
 60705011       2204
 60705012       2205
 60705013       2206
 60705014       2207
 60705015       2208
 60705016       2209
 60705017       2210
 60705018       2211
 60706001       2212
 60706002       2213
 60706003       2214
 60706004       2215
 60706005       2216
 60706006       2217
 60706007       2218
 60706008       2219
 60706009       2220
 60706010       2221
 60706011       2222
 60706012       2223
 60706013       2224
 60706014       2225
 60706015       2226
 60706016       2227
 60706017       2228
 60706018       2229
 60801001       2230
 60801002       2231
 60801003       2232
 60801004       2233
 60801005       2234
 60801006       2235
 60801007       2236
 60801008       2237
 60801009       2238
 60801010       2239
 60801011       2240
 60801012       2241
 60801013       2242
 60801014       2243
 60801015       2244
 60801016       2245
 60801017       2246
 60801018       2247
 60802001       2248
 60802002       2249
 60802003       2250
 60802004       2251
 60802005       2252
 60802006       2253
 60802007       2254
 60802008       2255
 60802009       2256
 60802010       2257
 60802011       2258
 60802012       2259
 60802013       2260
 60802014       2261
 60802015       2262
 60802016       2263
 60802017       2264
 60802018       2265
 60803001       2266
 60803002       2267
 60803003       2268
 60803004       2269
 60803005       2270
 60803006       2271
 60803007       2272
 60803008       2273
 60803009       2274
 60803010       2275
 60803011       2276
 60803012       2277
 60803013       2278
 60803014       2279
 60803015       2280
 60803016       2281
 60803017       2282
 60803018       2283
 60804001       2284
 60804002       2285
 60804003       2286
 60804004       2287
 60804005       2288
 60804006       2289
 60804007       2290
 60804008       2291
 60804009       2292
 60804010       2293
 60804011       2294
 60804012       2295
 60804013       2296
 60804014       2297
 60804015       2298
 60804016       2299
 60804017       2300
 60804018       2301
 60805001       2302
 60805002       2303
 60805003       2304
 60805004       2305
 60805005       2306
 60805006       2307
 60805007       2308
 60805008       2309
 60805009       2310
 60805010       2311
 60805011       2312
 60805012       2313
 60805013       2314
 60805014       2315
 60805015       2316
 60805016       2317
 60805017       2318
 60805018       2319
 60806001       2320
 60806002       2321
 60806003       2322
 60806004       2323
 60806005       2324
 60806006       2325
 60806007       2326
 60806008       2327
 60806009       2328
 60806010       2329
 60806011       2330
 60806012       2331
 60806013       2332
 60806014       2333
 60806015       2334
 60806016       2335
 60806017       2336
 60806018       2337
