 25
     -12    306    305    304    339    338    337    702    701    700    735
            734    733
     -12    303    302    301    336    335    334    699    698    697    732
            731    730
     -12    300    299    298    333    332    331    696    695    694    729
            728    727
     -12    297    296    295    330    329    328    693    692    691    726
            725    724
     -12    294    293    292    327    326    325    690    689    688    723
            722    721
     -12    291    290    289    324    323    322    687    686    685    720
            719    718
     -12    288    287    286    321    320    319    684    683    682    717
            716    715
     -12    285    284    283    318    317    316    681    680    679    714
            713    712
     -12    282    281    280    315    314    313    678    677    676    711
            710    709
     -12    279    278    277    312    311    310    675    674    673    708
            707    706
     -12    276    275    274    309    308    307    672    671    670    705
            704    703
     -18    819    818    817    816    815    814    813    812    811   1467
           1466   1465   1464   1463   1462   1461   1460   1459
     -18    810    809    808    807    806    805    804    803    802   1458
           1457   1456   1455   1454   1453   1452   1451   1450
     -36    891    890    889    888    887    886    885    884    883    909
            908    907    906    905    904    903    902    901   1539   1538
           1537   1536   1535   1534   1533   1532   1531   1557   1556   1555
           1554   1553   1552   1551   1550   1549
     -36    882    881    880    879    878    877    876    875    874    900
            899    898    897    896    895    894    893    892   1530   1529
           1528   1527   1526   1525   1524   1523   1522   1548   1547   1546
           1545   1544   1543   1542   1541   1540
     -54    963    962    961    960    959    958    957    956    955    981
            980    979    978    977    976    975    974    973    999    998
            997    996    995    994    993    992    991   1611   1610   1609
           1608   1607   1606   1605   1604   1603   1629   1628   1627   1626
           1625   1624   1623   1622   1621   1647   1646   1645   1644   1643
           1642   1641   1640   1639
     -54    954    953    952    951    950    949    948    947    946    972
            971    970    969    968    967    966    965    964    990    989
            988    987    986    985    984    983    982   1602   1601   1600
           1599   1598   1597   1596   1595   1594   1620   1619   1618   1617
           1616   1615   1614   1613   1612   1638   1637   1636   1635   1634
           1633   1632   1631   1630
     -54   1071   1070   1069   1068   1067   1066   1065   1064   1063   1089
           1088   1087   1086   1085   1084   1083   1082   1081   1107   1106
           1105   1104   1103   1102   1101   1100   1099   1719   1718   1717
           1716   1715   1714   1713   1712   1711   1737   1736   1735   1734
           1733   1732   1731   1730   1729   1755   1754   1753   1752   1751
           1750   1749   1748   1747
     -54   1062   1061   1060   1059   1058   1057   1056   1055   1054   1080
           1079   1078   1077   1076   1075   1074   1073   1072   1098   1097
           1096   1095   1094   1093   1092   1091   1090   1710   1709   1708
           1707   1706   1705   1704   1703   1702   1728   1727   1726   1725
           1724   1723   1722   1721   1720   1746   1745   1744   1743   1742
           1741   1740   1739   1738
     -54   1179   1178   1177   1176   1175   1174   1173   1172   1171   1197
           1196   1195   1194   1193   1192   1191   1190   1189   1215   1214
           1213   1212   1211   1210   1209   1208   1207   1827   1826   1825
           1824   1823   1822   1821   1820   1819   1845   1844   1843   1842
           1841   1840   1839   1838   1837   1863   1862   1861   1860   1859
           1858   1857   1856   1855
     -54   1170   1169   1168   1167   1166   1165   1164   1163   1162   1188
           1187   1186   1185   1184   1183   1182   1181   1180   1206   1205
           1204   1203   1202   1201   1200   1199   1198   1818   1817   1816
           1815   1814   1813   1812   1811   1810   1836   1835   1834   1833
           1832   1831   1830   1829   1828   1854   1853   1852   1851   1850
           1849   1848   1847   1846
     -54   1287   1286   1285   1284   1283   1282   1281   1280   1279   1305
           1304   1303   1302   1301   1300   1299   1298   1297   1323   1322
           1321   1320   1319   1318   1317   1316   1315   1935   1934   1933
           1932   1931   1930   1929   1928   1927   1953   1952   1951   1950
           1949   1948   1947   1946   1945   1971   1970   1969   1968   1967
           1966   1965   1964   1963
     -54   1278   1277   1276   1275   1274   1273   1272   1271   1270   1296
           1295   1294   1293   1292   1291   1290   1289   1288   1314   1313
           1312   1311   1310   1309   1308   1307   1306   1926   1925   1924
           1923   1922   1921   1920   1919   1918   1944   1943   1942   1941
           1940   1939   1938   1937   1936   1962   1961   1960   1959   1958
           1957   1956   1955   1954
     -54   1395   1394   1393   1392   1391   1390   1389   1388   1387   1413
           1412   1411   1410   1409   1408   1407   1406   1405   1431   1430
           1429   1428   1427   1426   1425   1424   1423   2043   2042   2041
           2040   2039   2038   2037   2036   2035   2061   2060   2059   2058
           2057   2056   2055   2054   2053   2079   2078   2077   2076   2075
           2074   2073   2072   2071
     -54   1386   1385   1384   1383   1382   1381   1380   1379   1378   1404
           1403   1402   1401   1400   1399   1398   1397   1396   1422   1421
           1420   1419   1418   1417   1416   1415   1414   2034   2033   2032
           2031   2030   2029   2028   2027   2026   2052   2051   2050   2049
           2048   2047   2046   2045   2044   2070   2069   2068   2067   2066
           2065   2064   2063   2062
