 159
     -24     42     75    108    141    174    207    240    273    306    339
            372    405    438    471    504    537    570    603    636    669
            702    735    768    801
     -24     41     74    107    140    173    206    239    272    305    338
            371    404    437    470    503    536    569    602    635    668
            701    734    767    800
     -24     40     73    106    139    172    205    238    271    304    337
            370    403    436    469    502    535    568    601    634    667
            700    733    766    799
     -24     39     72    105    138    171    204    237    270    303    336
            369    402    435    468    501    534    567    600    633    666
            699    732    765    798
     -24     38     71    104    137    170    203    236    269    302    335
            368    401    434    467    500    533    566    599    632    665
            698    731    764    797
     -24     37     70    103    136    169    202    235    268    301    334
            367    400    433    466    499    532    565    598    631    664
            697    730    763    796
     -24     36     69    102    135    168    201    234    267    300    333
            366    399    432    465    498    531    564    597    630    663
            696    729    762    795
     -24     35     68    101    134    167    200    233    266    299    332
            365    398    431    464    497    530    563    596    629    662
            695    728    761    794
     -24     34     67    100    133    166    199    232    265    298    331
            364    397    430    463    496    529    562    595    628    661
            694    727    760    793
     -24     33     66     99    132    165    198    231    264    297    330
            363    396    429    462    495    528    561    594    627    660
            693    726    759    792
     -24     32     65     98    131    164    197    230    263    296    329
            362    395    428    461    494    527    560    593    626    659
            692    725    758    791
     -24     31     64     97    130    163    196    229    262    295    328
            361    394    427    460    493    526    559    592    625    658
            691    724    757    790
     -24     30     63     96    129    162    195    228    261    294    327
            360    393    426    459    492    525    558    591    624    657
            690    723    756    789
     -24     29     62     95    128    161    194    227    260    293    326
            359    392    425    458    491    524    557    590    623    656
            689    722    755    788
     -24     28     61     94    127    160    193    226    259    292    325
            358    391    424    457    490    523    556    589    622    655
            688    721    754    787
     -24     27     60     93    126    159    192    225    258    291    324
            357    390    423    456    489    522    555    588    621    654
            687    720    753    786
     -24     26     59     92    125    158    191    224    257    290    323
            356    389    422    455    488    521    554    587    620    653
            686    719    752    785
     -24     25     58     91    124    157    190    223    256    289    322
            355    388    421    454    487    520    553    586    619    652
            685    718    751    784
     -24     24     57     90    123    156    189    222    255    288    321
            354    387    420    453    486    519    552    585    618    651
            684    717    750    783
     -24     23     56     89    122    155    188    221    254    287    320
            353    386    419    452    485    518    551    584    617    650
            683    716    749    782
     -24     22     55     88    121    154    187    220    253    286    319
            352    385    418    451    484    517    550    583    616    649
            682    715    748    781
     -24     21     54     87    120    153    186    219    252    285    318
            351    384    417    450    483    516    549    582    615    648
            681    714    747    780
     -24     20     53     86    119    152    185    218    251    284    317
            350    383    416    449    482    515    548    581    614    647
            680    713    746    779
     -24     19     52     85    118    151    184    217    250    283    316
            349    382    415    448    481    514    547    580    613    646
            679    712    745    778
     -24     18     51     84    117    150    183    216    249    282    315
            348    381    414    447    480    513    546    579    612    645
            678    711    744    777
     -24     17     50     83    116    149    182    215    248    281    314
            347    380    413    446    479    512    545    578    611    644
            677    710    743    776
     -24     16     49     82    115    148    181    214    247    280    313
            346    379    412    445    478    511    544    577    610    643
            676    709    742    775
     -24     15     48     81    114    147    180    213    246    279    312
            345    378    411    444    477    510    543    576    609    642
            675    708    741    774
     -24     14     47     80    113    146    179    212    245    278    311
            344    377    410    443    476    509    542    575    608    641
            674    707    740    773
     -24     13     46     79    112    145    178    211    244    277    310
            343    376    409    442    475    508    541    574    607    640
            673    706    739    772
     -24     12     45     78    111    144    177    210    243    276    309
            342    375    408    441    474    507    540    573    606    639
            672    705    738    771
     -24     11     44     77    110    143    176    209    242    275    308
            341    374    407    440    473    506    539    572    605    638
            671    704    737    770
     -24     10     43     76    109    142    175    208    241    274    307
            340    373    406    439    472    505    538    571    604    637
            670    703    736    769
      -4    819    837   1377   1395
      -4    818    836   1376   1394
      -4    817    835   1375   1393
      -4    816    834   1374   1392
      -4    815    833   1373   1391
      -4    814    832   1372   1390
      -4    813    831   1371   1389
      -4    812    830   1370   1388
      -4    811    829   1369   1387
      -4    810    828   1368   1386
      -4    809    827   1367   1385
      -4    808    826   1366   1384
      -4    807    825   1365   1383
      -4    806    824   1364   1382
      -4    805    823   1363   1381
      -4    804    822   1362   1380
      -4    803    821   1361   1379
      -4    802    820   1360   1378
      -2    855   1413
      -2    854   1412
      -2    853   1411
      -2    852   1410
      -2    851   1409
      -2    850   1408
      -2    849   1407
      -2    848   1406
      -2    847   1405
      -2    846   1404
      -2    845   1403
      -2    844   1402
      -2    843   1401
      -2    842   1400
      -2    841   1399
      -2    840   1398
      -2    839   1397
      -2    838   1396
      -9    873    891    909    927    945   1431   1449   1467   1485
      -9    872    890    908    926    944   1430   1448   1466   1484
      -9    871    889    907    925    943   1429   1447   1465   1483
      -9    870    888    906    924    942   1428   1446   1464   1482
      -9    869    887    905    923    941   1427   1445   1463   1481
      -9    868    886    904    922    940   1426   1444   1462   1480
      -9    867    885    903    921    939   1425   1443   1461   1479
      -9    866    884    902    920    938   1424   1442   1460   1478
      -9    865    883    901    919    937   1423   1441   1459   1477
      -9    864    882    900    918    936   1422   1440   1458   1476
      -9    863    881    899    917    935   1421   1439   1457   1475
      -9    862    880    898    916    934   1420   1438   1456   1474
      -9    861    879    897    915    933   1419   1437   1455   1473
      -9    860    878    896    914    932   1418   1436   1454   1472
      -9    859    877    895    913    931   1417   1435   1453   1471
      -9    858    876    894    912    930   1416   1434   1452   1470
      -9    857    875    893    911    929   1415   1433   1451   1469
      -9    856    874    892    910    928   1414   1432   1450   1468
     -10    963    981    999   1017   1035   1503   1521   1539   1557   1575
     -10    962    980    998   1016   1034   1502   1520   1538   1556   1574
     -10    961    979    997   1015   1033   1501   1519   1537   1555   1573
     -10    960    978    996   1014   1032   1500   1518   1536   1554   1572
     -10    959    977    995   1013   1031   1499   1517   1535   1553   1571
     -10    958    976    994   1012   1030   1498   1516   1534   1552   1570
     -10    957    975    993   1011   1029   1497   1515   1533   1551   1569
     -10    956    974    992   1010   1028   1496   1514   1532   1550   1568
     -10    955    973    991   1009   1027   1495   1513   1531   1549   1567
     -10    954    972    990   1008   1026   1494   1512   1530   1548   1566
     -10    953    971    989   1007   1025   1493   1511   1529   1547   1565
     -10    952    970    988   1006   1024   1492   1510   1528   1546   1564
     -10    951    969    987   1005   1023   1491   1509   1527   1545   1563
     -10    950    968    986   1004   1022   1490   1508   1526   1544   1562
     -10    949    967    985   1003   1021   1489   1507   1525   1543   1561
     -10    948    966    984   1002   1020   1488   1506   1524   1542   1560
     -10    947    965    983   1001   1019   1487   1505   1523   1541   1559
     -10    946    964    982   1000   1018   1486   1504   1522   1540   1558
     -12   1053   1071   1089   1107   1125   1143   1593   1611   1629   1647
           1665   1683
     -12   1052   1070   1088   1106   1124   1142   1592   1610   1628   1646
           1664   1682
     -12   1051   1069   1087   1105   1123   1141   1591   1609   1627   1645
           1663   1681
     -12   1050   1068   1086   1104   1122   1140   1590   1608   1626   1644
           1662   1680
     -12   1049   1067   1085   1103   1121   1139   1589   1607   1625   1643
           1661   1679
     -12   1048   1066   1084   1102   1120   1138   1588   1606   1624   1642
           1660   1678
     -12   1047   1065   1083   1101   1119   1137   1587   1605   1623   1641
           1659   1677
     -12   1046   1064   1082   1100   1118   1136   1586   1604   1622   1640
           1658   1676
     -12   1045   1063   1081   1099   1117   1135   1585   1603   1621   1639
           1657   1675
     -12   1044   1062   1080   1098   1116   1134   1584   1602   1620   1638
           1656   1674
     -12   1043   1061   1079   1097   1115   1133   1583   1601   1619   1637
           1655   1673
     -12   1042   1060   1078   1096   1114   1132   1582   1600   1618   1636
           1654   1672
     -12   1041   1059   1077   1095   1113   1131   1581   1599   1617   1635
           1653   1671
     -12   1040   1058   1076   1094   1112   1130   1580   1598   1616   1634
           1652   1670
     -12   1039   1057   1075   1093   1111   1129   1579   1597   1615   1633
           1651   1669
     -12   1038   1056   1074   1092   1110   1128   1578   1596   1614   1632
           1650   1668
     -12   1037   1055   1073   1091   1109   1127   1577   1595   1613   1631
           1649   1667
     -12   1036   1054   1072   1090   1108   1126   1576   1594   1612   1630
           1648   1666
     -12   1161   1179   1197   1215   1233   1251   1701   1719   1737   1755
           1773   1791
     -12   1160   1178   1196   1214   1232   1250   1700   1718   1736   1754
           1772   1790
     -12   1159   1177   1195   1213   1231   1249   1699   1717   1735   1753
           1771   1789
     -12   1158   1176   1194   1212   1230   1248   1698   1716   1734   1752
           1770   1788
     -12   1157   1175   1193   1211   1229   1247   1697   1715   1733   1751
           1769   1787
     -12   1156   1174   1192   1210   1228   1246   1696   1714   1732   1750
           1768   1786
     -12   1155   1173   1191   1209   1227   1245   1695   1713   1731   1749
           1767   1785
     -12   1154   1172   1190   1208   1226   1244   1694   1712   1730   1748
           1766   1784
     -12   1153   1171   1189   1207   1225   1243   1693   1711   1729   1747
           1765   1783
     -12   1152   1170   1188   1206   1224   1242   1692   1710   1728   1746
           1764   1782
     -12   1151   1169   1187   1205   1223   1241   1691   1709   1727   1745
           1763   1781
     -12   1150   1168   1186   1204   1222   1240   1690   1708   1726   1744
           1762   1780
     -12   1149   1167   1185   1203   1221   1239   1689   1707   1725   1743
           1761   1779
     -12   1148   1166   1184   1202   1220   1238   1688   1706   1724   1742
           1760   1778
     -12   1147   1165   1183   1201   1219   1237   1687   1705   1723   1741
           1759   1777
     -12   1146   1164   1182   1200   1218   1236   1686   1704   1722   1740
           1758   1776
     -12   1145   1163   1181   1199   1217   1235   1685   1703   1721   1739
           1757   1775
     -12   1144   1162   1180   1198   1216   1234   1684   1702   1720   1738
           1756   1774
     -12   1269   1287   1305   1323   1341   1359   1809   1827   1845   1863
           1881   1899
     -12   1268   1286   1304   1322   1340   1358   1808   1826   1844   1862
           1880   1898
     -12   1267   1285   1303   1321   1339   1357   1807   1825   1843   1861
           1879   1897
     -12   1266   1284   1302   1320   1338   1356   1806   1824   1842   1860
           1878   1896
     -12   1265   1283   1301   1319   1337   1355   1805   1823   1841   1859
           1877   1895
     -12   1264   1282   1300   1318   1336   1354   1804   1822   1840   1858
           1876   1894
     -12   1263   1281   1299   1317   1335   1353   1803   1821   1839   1857
           1875   1893
     -12   1262   1280   1298   1316   1334   1352   1802   1820   1838   1856
           1874   1892
     -12   1261   1279   1297   1315   1333   1351   1801   1819   1837   1855
           1873   1891
     -12   1260   1278   1296   1314   1332   1350   1800   1818   1836   1854
           1872   1890
     -12   1259   1277   1295   1313   1331   1349   1799   1817   1835   1853
           1871   1889
     -12   1258   1276   1294   1312   1330   1348   1798   1816   1834   1852
           1870   1888
     -12   1257   1275   1293   1311   1329   1347   1797   1815   1833   1851
           1869   1887
     -12   1256   1274   1292   1310   1328   1346   1796   1814   1832   1850
           1868   1886
     -12   1255   1273   1291   1309   1327   1345   1795   1813   1831   1849
           1867   1885
     -12   1254   1272   1290   1308   1326   1344   1794   1812   1830   1848
           1866   1884
     -12   1253   1271   1289   1307   1325   1343   1793   1811   1829   1847
           1865   1883
     -12   1252   1270   1288   1306   1324   1342   1792   1810   1828   1846
           1864   1882
