 Number_of_entries
              2257
 Detector   Spectrum
 10101001          1
 10102001          2
 10103001          3
 10104001          4
 10104002          5
 10105001          6
 10105002          7
 10106001          8
 10106002          9
 20101001         10
 20101002         11
 20101003         12
 20101004         13
 20101005         14
 20101006         15
 20101007         16
 20101008         17
 20101009         18
 20101010         19
 20101011         20
 20101012         21
 20101013         22
 20101014         23
 20101015         24
 20101016         25
 20101017         26
 20101018         27
 20101019         28
 20101020         29
 20101021         30
 20101022         31
 20101023         32
 20101024         33
 20101025         34
 20101026         35
 20101027         36
 20101028         37
 20101029         38
 20101030         39
 20101031         40
 20101032         41
 20101033         42
 20102001         43
 20102002         44
 20102003         45
 20102004         46
 20102005         47
 20102006         48
 20102007         49
 20102008         50
 20102009         51
 20102010         52
 20102011         53
 20102012         54
 20102013         55
 20102014         56
 20102015         57
 20102016         58
 20102017         59
 20102018         60
 20102019         61
 20102020         62
 20102021         63
 20102022         64
 20102023         65
 20102024         66
 20102025         67
 20102026         68
 20102027         69
 20102028         70
 20102029         71
 20102030         72
 20102031         73
 20102032         74
 20102033         75
 20103001         76
 20103002         77
 20103003         78
 20103004         79
 20103005         80
 20103006         81
 20103007         82
 20103008         83
 20103009         84
 20103010         85
 20103011         86
 20103012         87
 20103013         88
 20103014         89
 20103015         90
 20103016         91
 20103017         92
 20103018         93
 20103019         94
 20103020         95
 20103021         96
 20103022         97
 20103023         98
 20103024         99
 20103025        100
 20103026        101
 20103027        102
 20103028        103
 20103029        104
 20103030        105
 20103031        106
 20103032        107
 20103033        108
 20104001        109
 20104002        110
 20104003        111
 20104004        112
 20104005        113
 20104006        114
 20104007        115
 20104008        116
 20104009        117
 20104010        118
 20104011        119
 20104012        120
 20104013        121
 20104014        122
 20104015        123
 20104016        124
 20104017        125
 20104018        126
 20104019        127
 20104020        128
 20104021        129
 20104022        130
 20104023        131
 20104024        132
 20104025        133
 20104026        134
 20104027        135
 20104028        136
 20104029        137
 20104030        138
 20104031        139
 20104032        140
 20104033        141
 20105001        142
 20105002        143
 20105003        144
 20105004        145
 20105005        146
 20105006        147
 20105007        148
 20105008        149
 20105009        150
 20105010        151
 20105011        152
 20105012        153
 20105013        154
 20105014        155
 20105015        156
 20105016        157
 20105017        158
 20105018        159
 20105019        160
 20105020        161
 20105021        162
 20105022        163
 20105023        164
 20105024        165
 20105025        166
 20105026        167
 20105027        168
 20105028        169
 20105029        170
 20105030        171
 20105031        172
 20105032        173
 20105033        174
 20106001        175
 20106002        176
 20106003        177
 20106004        178
 20106005        179
 20106006        180
 20106007        181
 20106008        182
 20106009        183
 20106010        184
 20106011        185
 20106012        186
 20106013        187
 20106014        188
 20106015        189
 20106016        190
 20106017        191
 20106018        192
 20106019        193
 20106020        194
 20106021        195
 20106022        196
 20106023        197
 20106024        198
 20106025        199
 20106026        200
 20106027        201
 20106028        202
 20106029        203
 20106030        204
 20106031        205
 20106032        206
 20106033        207
 20107001        208
 20107002        209
 20107003        210
 20107004        211
 20107005        212
 20107006        213
 20107007        214
 20107008        215
 20107009        216
 20107010        217
 20107011        218
 20107012        219
 20107013        220
 20107014        221
 20107015        222
 20107016        223
 20107017        224
 20107018        225
 20107019        226
 20107020        227
 20107021        228
 20107022        229
 20107023        230
 20107024        231
 20107025        232
 20107026        233
 20107027        234
 20107028        235
 20107029        236
 20107030        237
 20107031        238
 20107032        239
 20107033        240
 20108001        241
 20108002        242
 20108003        243
 20108004        244
 20108005        245
 20108006        246
 20108007        247
 20108008        248
 20108009        249
 20108010        250
 20108011        251
 20108012        252
 20108013        253
 20108014        254
 20108015        255
 20108016        256
 20108017        257
 20108018        258
 20108019        259
 20108020        260
 20108021        261
 20108022        262
 20108023        263
 20108024        264
 20108025        265
 20108026        266
 20108027        267
 20108028        268
 20108029        269
 20108030        270
 20108031        271
 20108032        272
 20108033        273
 20109001        274
 20109002        275
 20109003        276
 20109004        277
 20109005        278
 20109006        279
 20109007        280
 20109008        281
 20109009        282
 20109010        283
 20109011        284
 20109012        285
 20109013        286
 20109014        287
 20109015        288
 20109016        289
 20109017        290
 20109018        291
 20109019        292
 20109020        293
 20109021        294
 20109022        295
 20109023        296
 20109024        297
 20109025        298
 20109026        299
 20109027        300
 20109028        301
 20109029        302
 20109030        303
 20109031        304
 20109032        305
 20109033        306
 20110001        307
 20110002        308
 20110003        309
 20110004        310
 20110005        311
 20110006        312
 20110007        313
 20110008        314
 20110009        315
 20110010        316
 20110011        317
 20110012        318
 20110013        319
 20110014        320
 20110015        321
 20110016        322
 20110017        323
 20110018        324
 20110019        325
 20110020        326
 20110021        327
 20110022        328
 20110023        329
 20110024        330
 20110025        331
 20110026        332
 20110027        333
 20110028        334
 20110029        335
 20110030        336
 20110031        337
 20110032        338
 20110033        339
 20111001        340
 20111002        341
 20111003        342
 20111004        343
 20111005        344
 20111006        345
 20111007        346
 20111008        347
 20111009        348
 20111010        349
 20111011        350
 20111012        351
 20111013        352
 20111014        353
 20111015        354
 20111016        355
 20111017        356
 20111018        357
 20111019        358
 20111020        359
 20111021        360
 20111022        361
 20111023        362
 20111024        363
 20111025        364
 20111026        365
 20111027        366
 20111028        367
 20111029        368
 20111030        369
 20111031        370
 20111032        371
 20111033        372
 20112001        373
 20112002        374
 20112003        375
 20112004        376
 20112005        377
 20112006        378
 20112007        379
 20112008        380
 20112009        381
 20112010        382
 20112011        383
 20112012        384
 20112013        385
 20112014        386
 20112015        387
 20112016        388
 20112017        389
 20112018        390
 20112019        391
 20112020        392
 20112021        393
 20112022        394
 20112023        395
 20112024        396
 20112025        397
 20112026        398
 20112027        399
 20112028        400
 20112029        401
 20112030        402
 20112031        403
 20112032        404
 20112033        405
 20113001        406
 20113002        407
 20113003        408
 20113004        409
 20113005        410
 20113006        411
 20113007        412
 20113008        413
 20113009        414
 20113010        415
 20113011        416
 20113012        417
 20113013        418
 20113014        419
 20113015        420
 20113016        421
 20113017        422
 20113018        423
 20113019        424
 20113020        425
 20113021        426
 20113022        427
 20113023        428
 20113024        429
 20113025        430
 20113026        431
 20113027        432
 20113028        433
 20113029        434
 20113030        435
 20113031        436
 20113032        437
 20113033        438
 20114001        439
 20114002        440
 20114003        441
 20114004        442
 20114005        443
 20114006        444
 20114007        445
 20114008        446
 20114009        447
 20114010        448
 20114011        449
 20114012        450
 20114013        451
 20114014        452
 20114015        453
 20114016        454
 20114017        455
 20114018        456
 20114019        457
 20114020        458
 20114021        459
 20114022        460
 20114023        461
 20114024        462
 20114025        463
 20114026        464
 20114027        465
 20114028        466
 20114029        467
 20114030        468
 20114031        469
 20114032        470
 20114033        471
 20115001        472
 20115002        473
 20115003        474
 20115004        475
 20115005        476
 20115006        477
 20115007        478
 20115008        479
 20115009        480
 20115010        481
 20115011        482
 20115012        483
 20115013        484
 20115014        485
 20115015        486
 20115016        487
 20115017        488
 20115018        489
 20115019        490
 20115020        491
 20115021        492
 20115022        493
 20115023        494
 20115024        495
 20115025        496
 20115026        497
 20115027        498
 20115028        499
 20115029        500
 20115030        501
 20115031        502
 20115032        503
 20115033        504
 20116001        505
 20116002        506
 20116003        507
 20116004        508
 20116005        509
 20116006        510
 20116007        511
 20116008        512
 20116009        513
 20116010        514
 20116011        515
 20116012        516
 20116013        517
 20116014        518
 20116015        519
 20116016        520
 20116017        521
 20116018        522
 20116019        523
 20116020        524
 20116021        525
 20116022        526
 20116023        527
 20116024        528
 20116025        529
 20116026        530
 20116027        531
 20116028        532
 20116029        533
 20116030        534
 20116031        535
 20116032        536
 20116033        537
 20117001        538
 20117002        539
 20117003        540
 20117004        541
 20117005        542
 20117006        543
 20117007        544
 20117008        545
 20117009        546
 20117010        547
 20117011        548
 20117012        549
 20117013        550
 20117014        551
 20117015        552
 20117016        553
 20117017        554
 20117018        555
 20117019        556
 20117020        557
 20117021        558
 20117022        559
 20117023        560
 20117024        561
 20117025        562
 20117026        563
 20117027        564
 20117028        565
 20117029        566
 20117030        567
 20117031        568
 20117032        569
 20117033        570
 20118001        571
 20118002        572
 20118003        573
 20118004        574
 20118005        575
 20118006        576
 20118007        577
 20118008        578
 20118009        579
 20118010        580
 20118011        581
 20118012        582
 20118013        583
 20118014        584
 20118015        585
 20118016        586
 20118017        587
 20118018        588
 20118019        589
 20118020        590
 20118021        591
 20118022        592
 20118023        593
 20118024        594
 20118025        595
 20118026        596
 20118027        597
 20118028        598
 20118029        599
 20118030        600
 20118031        601
 20118032        602
 20118033        603
 20119001        604
 20119002        605
 20119003        606
 20119004        607
 20119005        608
 20119006        609
 20119007        610
 20119008        611
 20119009        612
 20119010        613
 20119011        614
 20119012        615
 20119013        616
 20119014        617
 20119015        618
 20119016        619
 20119017        620
 20119018        621
 20119019        622
 20119020        623
 20119021        624
 20119022        625
 20119023        626
 20119024        627
 20119025        628
 20119026        629
 20119027        630
 20119028        631
 20119029        632
 20119030        633
 20119031        634
 20119032        635
 20119033        636
 20120001        637
 20120002        638
 20120003        639
 20120004        640
 20120005        641
 20120006        642
 20120007        643
 20120008        644
 20120009        645
 20120010        646
 20120011        647
 20120012        648
 20120013        649
 20120014        650
 20120015        651
 20120016        652
 20120017        653
 20120018        654
 20120019        655
 20120020        656
 20120021        657
 20120022        658
 20120023        659
 20120024        660
 20120025        661
 20120026        662
 20120027        663
 20120028        664
 20120029        665
 20120030        666
 20120031        667
 20120032        668
 20120033        669
 20121001        670
 20121002        671
 20121003        672
 20121004        673
 20121005        674
 20121006        675
 20121007        676
 20121008        677
 20121009        678
 20121010        679
 20121011        680
 20121012        681
 20121013        682
 20121014        683
 20121015        684
 20121016        685
 20121017        686
 20121018        687
 20121019        688
 20121020        689
 20121021        690
 20121022        691
 20121023        692
 20121024        693
 20121025        694
 20121026        695
 20121027        696
 20121028        697
 20121029        698
 20121030        699
 20121031        700
 20121032        701
 20121033        702
 20122001        703
 20122002        704
 20122003        705
 20122004        706
 20122005        707
 20122006        708
 20122007        709
 20122008        710
 20122009        711
 20122010        712
 20122011        713
 20122012        714
 20122013        715
 20122014        716
 20122015        717
 20122016        718
 20122017        719
 20122018        720
 20122019        721
 20122020        722
 20122021        723
 20122022        724
 20122023        725
 20122024        726
 20122025        727
 20122026        728
 20122027        729
 20122028        730
 20122029        731
 20122030        732
 20122031        733
 20122032        734
 20122033        735
 20123001        736
 20123002        737
 20123003        738
 20123004        739
 20123005        740
 20123006        741
 20123007        742
 20123008        743
 20123009        744
 20123010        745
 20123011        746
 20123012        747
 20123013        748
 20123014        749
 20123015        750
 20123016        751
 20123017        752
 20123018        753
 20123019        754
 20123020        755
 20123021        756
 20123022        757
 20123023        758
 20123024        759
 20123025        760
 20123026        761
 20123027        762
 20123028        763
 20123029        764
 20123030        765
 20123031        766
 20123032        767
 20123033        768
 20124001        769
 20124002        770
 20124003        771
 20124004        772
 20124005        773
 20124006        774
 20124007        775
 20124008        776
 20124009        777
 20124010        778
 20124011        779
 20124012        780
 20124013        781
 20124014        782
 20124015        783
 20124016        784
 20124017        785
 20124018        786
 20124019        787
 20124020        788
 20124021        789
 20124022        790
 20124023        791
 20124024        792
 20124025        793
 20124026        794
 20124027        795
 20124028        796
 20124029        797
 20124030        798
 20124031        799
 20124032        800
 20124033        801
 30201001        802
 30201002        803
 30201003        804
 30201004        805
 30201005        806
 30201006        807
 30201007        808
 30201008        809
 30201009        810
 30201010        811
 30201011        812
 30201012        813
 30201013        814
 30201014        815
 30201015        816
 30201016        817
 30201017        818
 30201018        819
 30201019        820
 30201020        821
 30202001        822
 30202002        823
 30202003        824
 30202004        825
 30202005        826
 30202006        827
 30202007        828
 30202008        829
 30202009        830
 30202010        831
 30202011        832
 30202012        833
 30202013        834
 30202014        835
 30202015        836
 30202016        837
 30202017        838
 30202018        839
 30202019        840
 30202020        841
 30203001        842
 30203002        843
 30203003        844
 30203004        845
 30203005        846
 30203006        847
 30203007        848
 30203008        849
 30203009        850
 30203010        851
 30203011        852
 30203012        853
 30203013        854
 30203014        855
 30203015        856
 30203016        857
 30203017        858
 30203018        859
 30203019        860
 30203020        861
 30205001        862
 30205002        863
 30205003        864
 30205004        865
 30205005        866
 30205006        867
 30205007        868
 30205008        869
 30205009        870
 30205010        871
 30205011        872
 30205012        873
 30205013        874
 30205014        875
 30205015        876
 30205016        877
 30205017        878
 30205018        879
 30205019        880
 30205020        881
 40301001        882
 40301002        883
 40301003        884
 40301004        885
 40301005        886
 40301006        887
 40301007        888
 40301008        889
 40301009        890
 40301010        891
 40301011        892
 40301012        893
 40301013        894
 40301014        895
 40301015        896
 40301016        897
 40301017        898
 40301018        899
 40302001        900
 40302002        901
 40302003        902
 40302004        903
 40302005        904
 40302006        905
 40302007        906
 40302008        907
 40302009        908
 40302010        909
 40302011        910
 40302012        911
 40302013        912
 40302014        913
 40302015        914
 40302016        915
 40302017        916
 40302018        917
 40303001        918
 40303002        919
 40303003        920
 40303004        921
 40303005        922
 40303006        923
 40303007        924
 40303008        925
 40303009        926
 40303010        927
 40303011        928
 40303012        929
 40303013        930
 40303014        931
 40303015        932
 40303016        933
 40303017        934
 40303018        935
 40304001        936
 40304002        937
 40304003        938
 40304004        939
 40304005        940
 40304006        941
 40304007        942
 40304008        943
 40304009        944
 40304010        945
 40304011        946
 40304012        947
 40304013        948
 40304014        949
 40304015        950
 40304016        951
 40304017        952
 40304018        953
 40305001        954
 40305002        955
 40305003        956
 40305004        957
 40305005        958
 40305006        959
 40305007        960
 40305008        961
 40305009        962
 40305010        963
 40305011        964
 40305012        965
 40305013        966
 40305014        967
 40305015        968
 40305016        969
 40305017        970
 40305018        971
 40306001        972
 40306002        973
 40306003        974
 40306004        975
 40306005        976
 40306006        977
 40306007        978
 40306008        979
 40306009        980
 40306010        981
 40306011        982
 40306012        983
 40306013        984
 40306014        985
 40306015        986
 40306016        987
 40306017        988
 40306018        989
 40401001        990
 40401002        991
 40401003        992
 40401004        993
 40401005        994
 40401006        995
 40401007        996
 40401008        997
 40401009        998
 40401010        999
 40401011       1000
 40401012       1001
 40401013       1002
 40401014       1003
 40401015       1004
 40401016       1005
 40401017       1006
 40401018       1007
 40402001       1008
 40402002       1009
 40402003       1010
 40402004       1011
 40402005       1012
 40402006       1013
 40402007       1014
 40402008       1015
 40402009       1016
 40402010       1017
 40402011       1018
 40402012       1019
 40402013       1020
 40402014       1021
 40402015       1022
 40402016       1023
 40402017       1024
 40402018       1025
 40403001       1026
 40403002       1027
 40403003       1028
 40403004       1029
 40403005       1030
 40403006       1031
 40403007       1032
 40403008       1033
 40403009       1034
 40403010       1035
 40403011       1036
 40403012       1037
 40403013       1038
 40403014       1039
 40403015       1040
 40403016       1041
 40403017       1042
 40403018       1043
 40404001       1044
 40404002       1045
 40404003       1046
 40404004       1047
 40404005       1048
 40404006       1049
 40404007       1050
 40404008       1051
 40404009       1052
 40404010       1053
 40404011       1054
 40404012       1055
 40404013       1056
 40404014       1057
 40404015       1058
 40404016       1059
 40404017       1060
 40404018       1061
 40405001       1062
 40405002       1063
 40405003       1064
 40405004       1065
 40405005       1066
 40405006       1067
 40405007       1068
 40405008       1069
 40405009       1070
 40405010       1071
 40405011       1072
 40405012       1073
 40405013       1074
 40405014       1075
 40405015       1076
 40405016       1077
 40405017       1078
 40405018       1079
 40406001       1080
 40406002       1081
 40406003       1082
 40406004       1083
 40406005       1084
 40406006       1085
 40406007       1086
 40406008       1087
 40406009       1088
 40406010       1089
 40406011       1090
 40406012       1091
 40406013       1092
 40406014       1093
 40406015       1094
 40406016       1095
 40406017       1096
 40406018       1097
 40501001       1098
 40501002       1099
 40501003       1100
 40501004       1101
 40501005       1102
 40501006       1103
 40501007       1104
 40501008       1105
 40501009       1106
 40501010       1107
 40501011       1108
 40501012       1109
 40501013       1110
 40501014       1111
 40501015       1112
 40501016       1113
 40501017       1114
 40501018       1115
 40502001       1116
 40502002       1117
 40502003       1118
 40502004       1119
 40502005       1120
 40502006       1121
 40502007       1122
 40502008       1123
 40502009       1124
 40502010       1125
 40502011       1126
 40502012       1127
 40502013       1128
 40502014       1129
 40502015       1130
 40502016       1131
 40502017       1132
 40502018       1133
 40503001       1134
 40503002       1135
 40503003       1136
 40503004       1137
 40503005       1138
 40503006       1139
 40503007       1140
 40503008       1141
 40503009       1142
 40503010       1143
 40503011       1144
 40503012       1145
 40503013       1146
 40503014       1147
 40503015       1148
 40503016       1149
 40503017       1150
 40503018       1151
 40504001       1152
 40504002       1153
 40504003       1154
 40504004       1155
 40504005       1156
 40504006       1157
 40504007       1158
 40504008       1159
 40504009       1160
 40504010       1161
 40504011       1162
 40504012       1163
 40504013       1164
 40504014       1165
 40504015       1166
 40504016       1167
 40504017       1168
 40504018       1169
 40505001       1170
 40505002       1171
 40505003       1172
 40505004       1173
 40505005       1174
 40505006       1175
 40505007       1176
 40505008       1177
 40505009       1178
 40505010       1179
 40505011       1180
 40505012       1181
 40505013       1182
 40505014       1183
 40505015       1184
 40505016       1185
 40505017       1186
 40505018       1187
 40506001       1188
 40506002       1189
 40506003       1190
 40506004       1191
 40506005       1192
 40506006       1193
 40506007       1194
 40506008       1195
 40506009       1196
 40506010       1197
 40506011       1198
 40506012       1199
 40506013       1200
 40506014       1201
 40506015       1202
 40506016       1203
 40506017       1204
 40506018       1205
 40601001       1206
 40601002       1207
 40601003       1208
 40601004       1209
 40601005       1210
 40601006       1211
 40601007       1212
 40601008       1213
 40601009       1214
 40601010       1215
 40601011       1216
 40601012       1217
 40601013       1218
 40601014       1219
 40601015       1220
 40601016       1221
 40601017       1222
 40601018       1223
 40602001       1224
 40602002       1225
 40602003       1226
 40602004       1227
 40602005       1228
 40602006       1229
 40602007       1230
 40602008       1231
 40602009       1232
 40602010       1233
 40602011       1234
 40602012       1235
 40602013       1236
 40602014       1237
 40602015       1238
 40602016       1239
 40602017       1240
 40602018       1241
 40603001       1242
 40603002       1243
 40603003       1244
 40603004       1245
 40603005       1246
 40603006       1247
 40603007       1248
 40603008       1249
 40603009       1250
 40603010       1251
 40603011       1252
 40603012       1253
 40603013       1254
 40603014       1255
 40603015       1256
 40603016       1257
 40603017       1258
 40603018       1259
 40604001       1260
 40604002       1261
 40604003       1262
 40604004       1263
 40604005       1264
 40604006       1265
 40604007       1266
 40604008       1267
 40604009       1268
 40604010       1269
 40604011       1270
 40604012       1271
 40604013       1272
 40604014       1273
 40604015       1274
 40604016       1275
 40604017       1276
 40604018       1277
 40605001       1278
 40605002       1279
 40605003       1280
 40605004       1281
 40605005       1282
 40605006       1283
 40605007       1284
 40605008       1285
 40605009       1286
 40605010       1287
 40605011       1288
 40605012       1289
 40605013       1290
 40605014       1291
 40605015       1292
 40605016       1293
 40605017       1294
 40605018       1295
 40606001       1296
 40606002       1297
 40606003       1298
 40606004       1299
 40606005       1300
 40606006       1301
 40606007       1302
 40606008       1303
 40606009       1304
 40606010       1305
 40606011       1306
 40606012       1307
 40606013       1308
 40606014       1309
 40606015       1310
 40606016       1311
 40606017       1312
 40606018       1313
 40701001       1314
 40701002       1315
 40701003       1316
 40701004       1317
 40701005       1318
 40701006       1319
 40701007       1320
 40701008       1321
 40701009       1322
 40701010       1323
 40701011       1324
 40701012       1325
 40701013       1326
 40701014       1327
 40701015       1328
 40701016       1329
 40701017       1330
 40701018       1331
 40702001       1332
 40702002       1333
 40702003       1334
 40702004       1335
 40702005       1336
 40702006       1337
 40702007       1338
 40702008       1339
 40702009       1340
 40702010       1341
 40702011       1342
 40702012       1343
 40702013       1344
 40702014       1345
 40702015       1346
 40702016       1347
 40702017       1348
 40702018       1349
 40703001       1350
 40703002       1351
 40703003       1352
 40703004       1353
 40703005       1354
 40703006       1355
 40703007       1356
 40703008       1357
 40703009       1358
 40703010       1359
 40703011       1360
 40703012       1361
 40703013       1362
 40703014       1363
 40703015       1364
 40703016       1365
 40703017       1366
 40703018       1367
 40704001       1368
 40704002       1369
 40704003       1370
 40704004       1371
 40704005       1372
 40704006       1373
 40704007       1374
 40704008       1375
 40704009       1376
 40704010       1377
 40704011       1378
 40704012       1379
 40704013       1380
 40704014       1381
 40704015       1382
 40704016       1383
 40704017       1384
 40704018       1385
 40705001       1386
 40705002       1387
 40705003       1388
 40705004       1389
 40705005       1390
 40705006       1391
 40705007       1392
 40705008       1393
 40705009       1394
 40705010       1395
 40705011       1396
 40705012       1397
 40705013       1398
 40705014       1399
 40705015       1400
 40705016       1401
 40705017       1402
 40705018       1403
 40706001       1404
 40706002       1405
 40706003       1406
 40706004       1407
 40706005       1408
 40706006       1409
 40706007       1410
 40706008       1411
 40706009       1412
 40706010       1413
 40706011       1414
 40706012       1415
 40706013       1416
 40706014       1417
 40706015       1418
 40706016       1419
 40706017       1420
 40706018       1421
 40801001       1422
 40801002       1423
 40801003       1424
 40801004       1425
 40801005       1426
 40801006       1427
 40801007       1428
 40801008       1429
 40801009       1430
 40801010       1431
 40801011       1432
 40801012       1433
 40801013       1434
 40801014       1435
 40801015       1436
 40801016       1437
 40801017       1438
 40801018       1439
 40802001       1440
 40802002       1441
 40802003       1442
 40802004       1443
 40802005       1444
 40802006       1445
 40802007       1446
 40802008       1447
 40802009       1448
 40802010       1449
 40802011       1450
 40802012       1451
 40802013       1452
 40802014       1453
 40802015       1454
 40802016       1455
 40802017       1456
 40802018       1457
 40803001       1458
 40803002       1459
 40803003       1460
 40803004       1461
 40803005       1462
 40803006       1463
 40803007       1464
 40803008       1465
 40803009       1466
 40803010       1467
 40803011       1468
 40803012       1469
 40803013       1470
 40803014       1471
 40803015       1472
 40803016       1473
 40803017       1474
 40803018       1475
 40804001       1476
 40804002       1477
 40804003       1478
 40804004       1479
 40804005       1480
 40804006       1481
 40804007       1482
 40804008       1483
 40804009       1484
 40804010       1485
 40804011       1486
 40804012       1487
 40804013       1488
 40804014       1489
 40804015       1490
 40804016       1491
 40804017       1492
 40804018       1493
 40805001       1494
 40805002       1495
 40805003       1496
 40805004       1497
 40805005       1498
 40805006       1499
 40805007       1500
 40805008       1501
 40805009       1502
 40805010       1503
 40805011       1504
 40805012       1505
 40805013       1506
 40805014       1507
 40805015       1508
 40805016       1509
 40805017       1510
 40805018       1511
 40806001       1512
 40806002       1513
 40806003       1514
 40806004       1515
 40806005       1516
 40806006       1517
 40806007       1518
 40806008       1519
 40806009       1520
 40806010       1521
 40806011       1522
 40806012       1523
 40806013       1524
 40806014       1525
 40806015       1526
 40806016       1527
 40806017       1528
 40806018       1529
 50201001       1530
 50201002       1531
 50201003       1532
 50201004       1533
 50201005       1534
 50201006       1535
 50201007       1536
 50201008       1537
 50201009       1538
 50201010       1539
 50201011       1540
 50201012       1541
 50201013       1542
 50201014       1543
 50201015       1544
 50201016       1545
 50201017       1546
 50201018       1547
 50201019       1548
 50201020       1549
 50202001       1550
 50202002       1551
 50202003       1552
 50202004       1553
 50202005       1554
 50202006       1555
 50202007       1556
 50202008       1557
 50202009       1558
 50202010       1559
 50202011       1560
 50202012       1561
 50202013       1562
 50202014       1563
 50202015       1564
 50202016       1565
 50202017       1566
 50202018       1567
 50202019       1568
 50202020       1569
 50203001       1570
 50203002       1571
 50203003       1572
 50203004       1573
 50203005       1574
 50203006       1575
 50203007       1576
 50203008       1577
 50203009       1578
 50203010       1579
 50203011       1580
 50203012       1581
 50203013       1582
 50203014       1583
 50203015       1584
 50203016       1585
 50203017       1586
 50203018       1587
 50203019       1588
 50203020       1589
 50205001       1590
 50205002       1591
 50205003       1592
 50205004       1593
 50205005       1594
 50205006       1595
 50205007       1596
 50205008       1597
 50205009       1598
 50205010       1599
 50205011       1600
 50205012       1601
 50205013       1602
 50205014       1603
 50205015       1604
 50205016       1605
 50205017       1606
 50205018       1607
 50205019       1608
 50205020       1609
 60301001       1610
 60301002       1611
 60301003       1612
 60301004       1613
 60301005       1614
 60301006       1615
 60301007       1616
 60301008       1617
 60301009       1618
 60301010       1619
 60301011       1620
 60301012       1621
 60301013       1622
 60301014       1623
 60301015       1624
 60301016       1625
 60301017       1626
 60301018       1627
 60302001       1628
 60302002       1629
 60302003       1630
 60302004       1631
 60302005       1632
 60302006       1633
 60302007       1634
 60302008       1635
 60302009       1636
 60302010       1637
 60302011       1638
 60302012       1639
 60302013       1640
 60302014       1641
 60302015       1642
 60302016       1643
 60302017       1644
 60302018       1645
 60303001       1646
 60303002       1647
 60303003       1648
 60303004       1649
 60303005       1650
 60303006       1651
 60303007       1652
 60303008       1653
 60303009       1654
 60303010       1655
 60303011       1656
 60303012       1657
 60303013       1658
 60303014       1659
 60303015       1660
 60303016       1661
 60303017       1662
 60303018       1663
 60304001       1664
 60304002       1665
 60304003       1666
 60304004       1667
 60304005       1668
 60304006       1669
 60304007       1670
 60304008       1671
 60304009       1672
 60304010       1673
 60304011       1674
 60304012       1675
 60304013       1676
 60304014       1677
 60304015       1678
 60304016       1679
 60304017       1680
 60304018       1681
 60305001       1682
 60305002       1683
 60305003       1684
 60305004       1685
 60305005       1686
 60305006       1687
 60305007       1688
 60305008       1689
 60305009       1690
 60305010       1691
 60305011       1692
 60305012       1693
 60305013       1694
 60305014       1695
 60305015       1696
 60305016       1697
 60305017       1698
 60305018       1699
 60306001       1700
 60306002       1701
 60306003       1702
 60306004       1703
 60306005       1704
 60306006       1705
 60306007       1706
 60306008       1707
 60306009       1708
 60306010       1709
 60306011       1710
 60306012       1711
 60306013       1712
 60306014       1713
 60306015       1714
 60306016       1715
 60306017       1716
 60306018       1717
 60401001       1718
 60401002       1719
 60401003       1720
 60401004       1721
 60401005       1722
 60401006       1723
 60401007       1724
 60401008       1725
 60401009       1726
 60401010       1727
 60401011       1728
 60401012       1729
 60401013       1730
 60401014       1731
 60401015       1732
 60401016       1733
 60401017       1734
 60401018       1735
 60402001       1736
 60402002       1737
 60402003       1738
 60402004       1739
 60402005       1740
 60402006       1741
 60402007       1742
 60402008       1743
 60402009       1744
 60402010       1745
 60402011       1746
 60402012       1747
 60402013       1748
 60402014       1749
 60402015       1750
 60402016       1751
 60402017       1752
 60402018       1753
 60403001       1754
 60403002       1755
 60403003       1756
 60403004       1757
 60403005       1758
 60403006       1759
 60403007       1760
 60403008       1761
 60403009       1762
 60403010       1763
 60403011       1764
 60403012       1765
 60403013       1766
 60403014       1767
 60403015       1768
 60403016       1769
 60403017       1770
 60403018       1771
 60404001       1772
 60404002       1773
 60404003       1774
 60404004       1775
 60404005       1776
 60404006       1777
 60404007       1778
 60404008       1779
 60404009       1780
 60404010       1781
 60404011       1782
 60404012       1783
 60404013       1784
 60404014       1785
 60404015       1786
 60404016       1787
 60404017       1788
 60404018       1789
 60405001       1790
 60405002       1791
 60405003       1792
 60405004       1793
 60405005       1794
 60405006       1795
 60405007       1796
 60405008       1797
 60405009       1798
 60405010       1799
 60405011       1800
 60405012       1801
 60405013       1802
 60405014       1803
 60405015       1804
 60405016       1805
 60405017       1806
 60405018       1807
 60406001       1808
 60406002       1809
 60406003       1810
 60406004       1811
 60406005       1812
 60406006       1813
 60406007       1814
 60406008       1815
 60406009       1816
 60406010       1817
 60406011       1818
 60406012       1819
 60406013       1820
 60406014       1821
 60406015       1822
 60406016       1823
 60406017       1824
 60406018       1825
 60501001       1826
 60501002       1827
 60501003       1828
 60501004       1829
 60501005       1830
 60501006       1831
 60501007       1832
 60501008       1833
 60501009       1834
 60501010       1835
 60501011       1836
 60501012       1837
 60501013       1838
 60501014       1839
 60501015       1840
 60501016       1841
 60501017       1842
 60501018       1843
 60502001       1844
 60502002       1845
 60502003       1846
 60502004       1847
 60502005       1848
 60502006       1849
 60502007       1850
 60502008       1851
 60502009       1852
 60502010       1853
 60502011       1854
 60502012       1855
 60502013       1856
 60502014       1857
 60502015       1858
 60502016       1859
 60502017       1860
 60502018       1861
 60503001       1862
 60503002       1863
 60503003       1864
 60503004       1865
 60503005       1866
 60503006       1867
 60503007       1868
 60503008       1869
 60503009       1870
 60503010       1871
 60503011       1872
 60503012       1873
 60503013       1874
 60503014       1875
 60503015       1876
 60503016       1877
 60503017       1878
 60503018       1879
 60504001       1880
 60504002       1881
 60504003       1882
 60504004       1883
 60504005       1884
 60504006       1885
 60504007       1886
 60504008       1887
 60504009       1888
 60504010       1889
 60504011       1890
 60504012       1891
 60504013       1892
 60504014       1893
 60504015       1894
 60504016       1895
 60504017       1896
 60504018       1897
 60505001       1898
 60505002       1899
 60505003       1900
 60505004       1901
 60505005       1902
 60505006       1903
 60505007       1904
 60505008       1905
 60505009       1906
 60505010       1907
 60505011       1908
 60505012       1909
 60505013       1910
 60505014       1911
 60505015       1912
 60505016       1913
 60505017       1914
 60505018       1915
 60506001       1916
 60506002       1917
 60506003       1918
 60506004       1919
 60506005       1920
 60506006       1921
 60506007       1922
 60506008       1923
 60506009       1924
 60506010       1925
 60506011       1926
 60506012       1927
 60506013       1928
 60506014       1929
 60506015       1930
 60506016       1931
 60506017       1932
 60506018       1933
 60601001       1934
 60601002       1935
 60601003       1936
 60601004       1937
 60601005       1938
 60601006       1939
 60601007       1940
 60601008       1941
 60601009       1942
 60601010       1943
 60601011       1944
 60601012       1945
 60601013       1946
 60601014       1947
 60601015       1948
 60601016       1949
 60601017       1950
 60601018       1951
 60602001       1952
 60602002       1953
 60602003       1954
 60602004       1955
 60602005       1956
 60602006       1957
 60602007       1958
 60602008       1959
 60602009       1960
 60602010       1961
 60602011       1962
 60602012       1963
 60602013       1964
 60602014       1965
 60602015       1966
 60602016       1967
 60602017       1968
 60602018       1969
 60603001       1970
 60603002       1971
 60603003       1972
 60603004       1973
 60603005       1974
 60603006       1975
 60603007       1976
 60603008       1977
 60603009       1978
 60603010       1979
 60603011       1980
 60603012       1981
 60603013       1982
 60603014       1983
 60603015       1984
 60603016       1985
 60603017       1986
 60603018       1987
 60604001       1988
 60604002       1989
 60604003       1990
 60604004       1991
 60604005       1992
 60604006       1993
 60604007       1994
 60604008       1995
 60604009       1996
 60604010       1997
 60604011       1998
 60604012       1999
 60604013       2000
 60604014       2001
 60604015       2002
 60604016       2003
 60604017       2004
 60604018       2005
 60605001       2006
 60605002       2007
 60605003       2008
 60605004       2009
 60605005       2010
 60605006       2011
 60605007       2012
 60605008       2013
 60605009       2014
 60605010       2015
 60605011       2016
 60605012       2017
 60605013       2018
 60605014       2019
 60605015       2020
 60605016       2021
 60605017       2022
 60605018       2023
 60606001       2024
 60606002       2025
 60606003       2026
 60606004       2027
 60606005       2028
 60606006       2029
 60606007       2030
 60606008       2031
 60606009       2032
 60606010       2033
 60606011       2034
 60606012       2035
 60606013       2036
 60606014       2037
 60606015       2038
 60606016       2039
 60606017       2040
 60606018       2041
 60701001       2042
 60701002       2043
 60701003       2044
 60701004       2045
 60701005       2046
 60701006       2047
 60701007       2048
 60701008       2049
 60701009       2050
 60701010       2051
 60701011       2052
 60701012       2053
 60701013       2054
 60701014       2055
 60701015       2056
 60701016       2057
 60701017       2058
 60701018       2059
 60702001       2060
 60702002       2061
 60702003       2062
 60702004       2063
 60702005       2064
 60702006       2065
 60702007       2066
 60702008       2067
 60702009       2068
 60702010       2069
 60702011       2070
 60702012       2071
 60702013       2072
 60702014       2073
 60702015       2074
 60702016       2075
 60702017       2076
 60702018       2077
 60703001       2078
 60703002       2079
 60703003       2080
 60703004       2081
 60703005       2082
 60703006       2083
 60703007       2084
 60703008       2085
 60703009       2086
 60703010       2087
 60703011       2088
 60703012       2089
 60703013       2090
 60703014       2091
 60703015       2092
 60703016       2093
 60703017       2094
 60703018       2095
 60704001       2096
 60704002       2097
 60704003       2098
 60704004       2099
 60704005       2100
 60704006       2101
 60704007       2102
 60704008       2103
 60704009       2104
 60704010       2105
 60704011       2106
 60704012       2107
 60704013       2108
 60704014       2109
 60704015       2110
 60704016       2111
 60704017       2112
 60704018       2113
 60705001       2114
 60705002       2115
 60705003       2116
 60705004       2117
 60705005       2118
 60705006       2119
 60705007       2120
 60705008       2121
 60705009       2122
 60705010       2123
 60705011       2124
 60705012       2125
 60705013       2126
 60705014       2127
 60705015       2128
 60705016       2129
 60705017       2130
 60705018       2131
 60706001       2132
 60706002       2133
 60706003       2134
 60706004       2135
 60706005       2136
 60706006       2137
 60706007       2138
 60706008       2139
 60706009       2140
 60706010       2141
 60706011       2142
 60706012       2143
 60706013       2144
 60706014       2145
 60706015       2146
 60706016       2147
 60706017       2148
 60706018       2149
 60801001       2150
 60801002       2151
 60801003       2152
 60801004       2153
 60801005       2154
 60801006       2155
 60801007       2156
 60801008       2157
 60801009       2158
 60801010       2159
 60801011       2160
 60801012       2161
 60801013       2162
 60801014       2163
 60801015       2164
 60801016       2165
 60801017       2166
 60801018       2167
 60802001       2168
 60802002       2169
 60802003       2170
 60802004       2171
 60802005       2172
 60802006       2173
 60802007       2174
 60802008       2175
 60802009       2176
 60802010       2177
 60802011       2178
 60802012       2179
 60802013       2180
 60802014       2181
 60802015       2182
 60802016       2183
 60802017       2184
 60802018       2185
 60803001       2186
 60803002       2187
 60803003       2188
 60803004       2189
 60803005       2190
 60803006       2191
 60803007       2192
 60803008       2193
 60803009       2194
 60803010       2195
 60803011       2196
 60803012       2197
 60803013       2198
 60803014       2199
 60803015       2200
 60803016       2201
 60803017       2202
 60803018       2203
 60804001       2204
 60804002       2205
 60804003       2206
 60804004       2207
 60804005       2208
 60804006       2209
 60804007       2210
 60804008       2211
 60804009       2212
 60804010       2213
 60804011       2214
 60804012       2215
 60804013       2216
 60804014       2217
 60804015       2218
 60804016       2219
 60804017       2220
 60804018       2221
 60805001       2222
 60805002       2223
 60805003       2224
 60805004       2225
 60805005       2226
 60805006       2227
 60805007       2228
 60805008       2229
 60805009       2230
 60805010       2231
 60805011       2232
 60805012       2233
 60805013       2234
 60805014       2235
 60805015       2236
 60805016       2237
 60805017       2238
 60805018       2239
 60806001       2240
 60806002       2241
 60806003       2242
 60806004       2243
 60806005       2244
 60806006       2245
 60806007       2246
 60806008       2247
 60806009       2248
 60806010       2249
 60806011       2250
 60806012       2251
 60806013       2252
 60806014       2253
 60806015       2254
 60806016       2255
 60806017       2256
 60806018       2257
