 Number_of_detectors, Number of ut parameters
               135                       5
 Detector,     delta,      len2,      code,    2theta,       ut1,       ut2,       ut3,       ut4,       ut5
 10101001    0.00000  -13.54200  300.00000  180.00000    0.00000    0.00000    0.00000    0.00000    0.10000
 10102001    0.00000  -11.92800  300.00000  180.00000    0.00000    0.00000    0.00000    0.00000    0.10000
 10103001    0.00000   -7.92800  300.00000  180.00000    0.00000    0.00000    0.00000    0.00000    0.10000
 10104001    0.00000   -4.56000  300.00000  180.00000    0.00000    0.00000    0.00000    0.00000    0.10000
 10104002    0.00000   -4.56000  300.00000  180.00000    0.00000    0.00000    0.00000    0.00000    0.10000
 10105001    0.00000   -2.66000  300.00000  180.00000    0.00000    0.00000    0.00000    0.00000    0.10000
 10105002    0.00000   -2.66000  300.00000  180.00000    0.00000    0.00000    0.00000    0.00000    0.10000
 10106001    0.00000    6.50000  300.00000    0.00000    0.00000    0.00000    0.00000    0.00000    0.10000
 10106002    0.00000    6.50000  300.00000    0.00000    0.00000    0.00000    0.00000    0.00000    0.10000
 20204001    0.00000    4.81597  300.00000    5.17246    0.00000    0.00000    0.00000    0.00000    2.00000
 20204002    0.00000    4.83399  300.00000    5.06996    0.00000    0.00000    0.00000    0.00000    2.00000
 20204003    0.00000    4.85203  300.00000    4.96823    0.00000    0.00000    0.00000    0.00000    2.00000
 20204004    0.00000    4.87008  300.00000    4.86727    0.00000    0.00000    0.00000    0.00000    2.00000
 20204005    0.00000    4.88815  300.00000    4.76708    0.00000    0.00000    0.00000    0.00000    2.00000
 20204006    0.00000    4.90623  300.00000    4.66765    0.00000    0.00000    0.00000    0.00000    2.00000
 20204007    0.00000    4.92433  300.00000    4.56898    0.00000    0.00000    0.00000    0.00000    2.00000
 20204008    0.00000    4.94244  300.00000    4.47105    0.00000    0.00000    0.00000    0.00000    2.00000
 20204009    0.00000    4.96057  300.00000    4.37386    0.00000    0.00000    0.00000    0.00000    2.00000
 20204010    0.00000    4.97871  300.00000    4.27741    0.00000    0.00000    0.00000    0.00000    2.00000
 20204011    0.00000    4.99687  300.00000    4.18168    0.00000    0.00000    0.00000    0.00000    2.00000
 20204012    0.00000    5.01504  300.00000    4.08668    0.00000    0.00000    0.00000    0.00000    2.00000
 20204013    0.00000    5.03322  300.00000    3.99239    0.00000    0.00000    0.00000    0.00000    2.00000
 20204014    0.00000    5.05142  300.00000    3.89882    0.00000    0.00000    0.00000    0.00000    2.00000
 20204015    0.00000    5.06963  300.00000    3.80595    0.00000    0.00000    0.00000    0.00000    2.00000
 20204016    0.00000    5.08786  300.00000    3.71378    0.00000    0.00000    0.00000    0.00000    2.00000
 20204017    0.00000    5.10609  300.00000    3.62231    0.00000    0.00000    0.00000    0.00000    2.00000
 20204018    0.00000    5.12435  300.00000    3.53153    0.00000    0.00000    0.00000    0.00000    2.00000
 20206001    0.00000    4.81596  300.00000    5.22204    0.00000    0.00000    0.00000    0.00000    2.00000
 20206002    0.00000    4.83398  300.00000    5.11934    0.00000    0.00000    0.00000    0.00000    2.00000
 20206003    0.00000    4.85201  300.00000    5.01741    0.00000    0.00000    0.00000    0.00000    2.00000
 20206004    0.00000    4.87005  300.00000    4.91626    0.00000    0.00000    0.00000    0.00000    2.00000
 20206005    0.00000    4.88811  300.00000    4.81588    0.00000    0.00000    0.00000    0.00000    2.00000
 20206006    0.00000    4.90619  300.00000    4.71626    0.00000    0.00000    0.00000    0.00000    2.00000
 20206007    0.00000    4.92428  300.00000    4.61739    0.00000    0.00000    0.00000    0.00000    2.00000
 20206008    0.00000    4.94239  300.00000    4.51927    0.00000    0.00000    0.00000    0.00000    2.00000
 20206009    0.00000    4.96051  300.00000    4.42189    0.00000    0.00000    0.00000    0.00000    2.00000
 20206010    0.00000    4.97864  300.00000    4.32524    0.00000    0.00000    0.00000    0.00000    2.00000
 20206011    0.00000    4.99679  300.00000    4.22932    0.00000    0.00000    0.00000    0.00000    2.00000
 20206012    0.00000    5.01495  300.00000    4.13413    0.00000    0.00000    0.00000    0.00000    2.00000
 20206013    0.00000    5.03313  300.00000    4.03965    0.00000    0.00000    0.00000    0.00000    2.00000
 20206014    0.00000    5.05132  300.00000    3.94589    0.00000    0.00000    0.00000    0.00000    2.00000
 20206015    0.00000    5.06953  300.00000    3.85283    0.00000    0.00000    0.00000    0.00000    2.00000
 20206016    0.00000    5.08774  300.00000    3.76047    0.00000    0.00000    0.00000    0.00000    2.00000
 20206017    0.00000    5.10598  300.00000    3.66880    0.00000    0.00000    0.00000    0.00000    2.00000
 20206018    0.00000    5.12422  300.00000    3.57784    0.00000    0.00000    0.00000    0.00000    2.00000
 20404001    0.00000    3.59783  300.00000   11.25777    0.00000    0.00000    0.00000    0.00000    2.00000
 20404002    0.00000    3.61581  300.00000   11.11875    0.00000    0.00000    0.00000    0.00000    2.00000
 20404003    0.00000    3.63381  300.00000   10.98112    0.00000    0.00000    0.00000    0.00000    2.00000
 20404004    0.00000    3.65183  300.00000   10.84485    0.00000    0.00000    0.00000    0.00000    2.00000
 20404005    0.00000    3.66988  300.00000   10.70992    0.00000    0.00000    0.00000    0.00000    2.00000
 20404006    0.00000    3.68794  300.00000   10.57631    0.00000    0.00000    0.00000    0.00000    2.00000
 20404007    0.00000    3.70602  300.00000   10.44402    0.00000    0.00000    0.00000    0.00000    2.00000
 20404008    0.00000    3.72412  300.00000   10.31301    0.00000    0.00000    0.00000    0.00000    2.00000
 20404009    0.00000    3.74225  300.00000   10.18327    0.00000    0.00000    0.00000    0.00000    2.00000
 20404010    0.00000    3.76039  300.00000   10.05478    0.00000    0.00000    0.00000    0.00000    2.00000
 20404011    0.00000    3.77855  300.00000    9.92753    0.00000    0.00000    0.00000    0.00000    2.00000
 20404012    0.00000    3.79672  300.00000    9.80151    0.00000    0.00000    0.00000    0.00000    2.00000
 20404013    0.00000    3.81492  300.00000    9.67669    0.00000    0.00000    0.00000    0.00000    2.00000
 20404014    0.00000    3.83313  300.00000    9.55306    0.00000    0.00000    0.00000    0.00000    2.00000
 20404015    0.00000    3.85137  300.00000    9.43060    0.00000    0.00000    0.00000    0.00000    2.00000
 20404016    0.00000    3.86962  300.00000    9.30930    0.00000    0.00000    0.00000    0.00000    2.00000
 20404017    0.00000    3.88788  300.00000    9.18915    0.00000    0.00000    0.00000    0.00000    2.00000
 20404018    0.00000    3.90617  300.00000    9.07012    0.00000    0.00000    0.00000    0.00000    2.00000
 20504001    0.00000    2.80060  300.00000   14.63375    0.00000    0.00000    0.00000 -200.00000    2.00000
 20504002    0.00000    2.81853  300.00000   14.45297    0.00000    0.00000    0.00000 -200.00000    2.00000
 20504003    0.00000    2.83648  300.00000   14.27447    0.00000    0.00000    0.00000 -200.00000    2.00000
 20504004    0.00000    2.85446  300.00000   14.09822    0.00000    0.00000    0.00000 -200.00000    2.00000
 20504005    0.00000    2.87247  300.00000   13.92419    0.00000    0.00000    0.00000 -200.00000    2.00000
 20504006    0.00000    2.89050  300.00000   13.75232    0.00000    0.00000    0.00000 -200.00000    2.00000
 20504007    0.00000    2.90856  300.00000   13.58259    0.00000    0.00000    0.00000 -200.00000    2.00000
 20504008    0.00000    2.92664  300.00000   13.41496    0.00000    0.00000    0.00000 -200.00000    2.00000
 20504009    0.00000    2.94475  300.00000   13.24939    0.00000    0.00000    0.00000 -200.00000    2.00000
 20504010    0.00000    2.96289  300.00000   13.08585    0.00000    0.00000    0.00000 -200.00000    2.00000
 20504011    0.00000    2.98104  300.00000   12.92431    0.00000    0.00000    0.00000 -200.00000    2.00000
 20504012    0.00000    2.99922  300.00000   12.76472    0.00000    0.00000    0.00000 -200.00000    2.00000
 20504013    0.00000    3.01743  300.00000   12.60706    0.00000    0.00000    0.00000 -200.00000    2.00000
 20504014    0.00000    3.03566  300.00000   12.45130    0.00000    0.00000    0.00000 -200.00000    2.00000
 20504015    0.00000    3.05390  300.00000   12.29740    0.00000    0.00000    0.00000 -200.00000    2.00000
 20504016    0.00000    3.07217  300.00000   12.14533    0.00000    0.00000    0.00000 -200.00000    2.00000
 20504017    0.00000    3.09047  300.00000   11.99506    0.00000    0.00000    0.00000 -200.00000    2.00000
 20504018    0.00000    3.10878  300.00000   11.84656    0.00000    0.00000    0.00000 -200.00000    2.00000
 20604001    0.00000    1.93382  300.00000   22.23594    0.00000    0.00000    0.00000    0.00000    2.00000
 20604002    0.00000    1.95159  300.00000   21.96551    0.00000    0.00000    0.00000    0.00000    2.00000
 20604003    0.00000    1.96941  300.00000   21.69997    0.00000    0.00000    0.00000    0.00000    2.00000
 20604004    0.00000    1.98727  300.00000   21.43920    0.00000    0.00000    0.00000    0.00000    2.00000
 20604005    0.00000    2.00517  300.00000   21.18308    0.00000    0.00000    0.00000    0.00000    2.00000
 20604006    0.00000    2.02311  300.00000   20.93150    0.00000    0.00000    0.00000    0.00000    2.00000
 20604007    0.00000    2.04108  300.00000   20.68434    0.00000    0.00000    0.00000    0.00000    2.00000
 20604008    0.00000    2.05909  300.00000   20.44150    0.00000    0.00000    0.00000    0.00000    2.00000
 20604009    0.00000    2.07714  300.00000   20.20288    0.00000    0.00000    0.00000    0.00000    2.00000
 20604010    0.00000    2.09523  300.00000   19.96838    0.00000    0.00000    0.00000    0.00000    2.00000
 20604011    0.00000    2.11335  300.00000   19.73789    0.00000    0.00000    0.00000    0.00000    2.00000
 20604012    0.00000    2.13150  300.00000   19.51133    0.00000    0.00000    0.00000    0.00000    2.00000
 20604013    0.00000    2.14969  300.00000   19.28860    0.00000    0.00000    0.00000    0.00000    2.00000
 20604014    0.00000    2.16791  300.00000   19.06961    0.00000    0.00000    0.00000    0.00000    2.00000
 20604015    0.00000    2.18616  300.00000   18.85427    0.00000    0.00000    0.00000    0.00000    2.00000
 20604016    0.00000    2.20444  300.00000   18.64250    0.00000    0.00000    0.00000    0.00000    2.00000
 20604017    0.00000    2.22275  300.00000   18.43422    0.00000    0.00000    0.00000    0.00000    2.00000
 20604018    0.00000    2.24108  300.00000   18.22934    0.00000    0.00000    0.00000    0.00000    2.00000
 20704001    0.00000    1.52193  300.00000   29.09696    0.00000    0.00000    0.00000    0.00000    2.00000
 20704002    0.00000    1.53959  300.00000   28.74525    0.00000    0.00000    0.00000    0.00000    2.00000
 20704003    0.00000    1.55730  300.00000   28.40153    0.00000    0.00000    0.00000    0.00000    2.00000
 20704004    0.00000    1.57507  300.00000   28.06555    0.00000    0.00000    0.00000    0.00000    2.00000
 20704005    0.00000    1.59289  300.00000   27.73707    0.00000    0.00000    0.00000    0.00000    2.00000
 20704006    0.00000    1.61076  300.00000   27.41588    0.00000    0.00000    0.00000    0.00000    2.00000
 20704007    0.00000    1.62868  300.00000   27.10174    0.00000    0.00000    0.00000    0.00000    2.00000
 20704008    0.00000    1.64665  300.00000   26.79445    0.00000    0.00000    0.00000    0.00000    2.00000
 20704009    0.00000    1.66466  300.00000   26.49380    0.00000    0.00000    0.00000    0.00000    2.00000
 20704010    0.00000    1.68272  300.00000   26.19960    0.00000    0.00000    0.00000    0.00000    2.00000
 20704011    0.00000    1.70082  300.00000   25.91165    0.00000    0.00000    0.00000    0.00000    2.00000
 20704012    0.00000    1.71897  300.00000   25.62978    0.00000    0.00000    0.00000    0.00000    2.00000
 20704013    0.00000    1.73715  300.00000   25.35380    0.00000    0.00000    0.00000    0.00000    2.00000
 20704014    0.00000    1.75538  300.00000   25.08354    0.00000    0.00000    0.00000    0.00000    2.00000
 20704015    0.00000    1.77364  300.00000   24.81884    0.00000    0.00000    0.00000    0.00000    2.00000
 20704016    0.00000    1.79194  300.00000   24.55955    0.00000    0.00000    0.00000    0.00000    2.00000
 20704017    0.00000    1.81028  300.00000   24.30550    0.00000    0.00000    0.00000    0.00000    2.00000
 20704018    0.00000    1.82865  300.00000   24.05656    0.00000    0.00000    0.00000    0.00000    2.00000
 20804001    0.00000    1.10392  300.00000   40.55301    0.00000    0.00000    0.00000    0.00000    2.00000
 20804002    0.00000    1.11898  300.00000   39.87508    0.00000    0.00000    0.00000    0.00000    2.00000
 20804003    0.00000    1.13421  300.00000   39.21526    0.00000    0.00000    0.00000    0.00000    2.00000
 20804004    0.00000    1.14957  300.00000   38.57300    0.00000    0.00000    0.00000    0.00000    2.00000
 20804005    0.00000    1.16508  300.00000   37.94776    0.00000    0.00000    0.00000    0.00000    2.00000
 20804006    0.00000    1.18073  300.00000   37.33902    0.00000    0.00000    0.00000    0.00000    2.00000
 20804007    0.00000    1.19650  300.00000   36.74626    0.00000    0.00000    0.00000    0.00000    2.00000
 20804008    0.00000    1.21240  300.00000   36.16899    0.00000    0.00000    0.00000    0.00000    2.00000
 20804009    0.00000    1.22841  300.00000   35.60671    0.00000    0.00000    0.00000    0.00000    2.00000
 20804010    0.00000    1.24455  300.00000   35.05897    0.00000    0.00000    0.00000    0.00000    2.00000
 20804011    0.00000    1.26079  300.00000   34.52528    0.00000    0.00000    0.00000    0.00000    2.00000
 20804012    0.00000    1.27714  300.00000   34.00522    0.00000    0.00000    0.00000    0.00000    2.00000
 20804013    0.00000    1.29359  300.00000   33.49835    0.00000    0.00000    0.00000    0.00000    2.00000
 20804014    0.00000    1.31015  300.00000   33.00425    0.00000    0.00000    0.00000    0.00000    2.00000
 20804015    0.00000    1.32679  300.00000   32.52250    0.00000    0.00000    0.00000    0.00000    2.00000
 20804016    0.00000    1.34353  300.00000   32.05274    0.00000    0.00000    0.00000    0.00000    2.00000
 20804017    0.00000    1.36036  300.00000   31.59456    0.00000    0.00000    0.00000    0.00000    2.00000
 20804018    0.00000    1.37727  300.00000   31.14760    0.00000    0.00000    0.00000    0.00000    2.00000
