 Number_of_detectors, Number of ut parameters
               908                       5
 Detector,     delta,      len2,      code,    2theta,       ut1,       ut2,       ut3,       ut4,       ut5
 10101001    0.00000  -13.54200  300.00000  180.00000    0.00000    0.00000    0.00000    0.00000    0.10000
 10102001    0.00000  -11.92800  300.00000  180.00000    0.00000    0.00000    0.00000    0.00000    0.10000
 10104001    0.00000   -4.56000  300.00000  180.00000    0.00000    0.00000    0.00000    0.00000    0.10000
 10104002    0.00000   -4.56000  300.00000  180.00000    0.00000    0.00000    0.00000    0.00000    0.10000
 10105001    0.00000   -2.66000  300.00000  180.00000    0.00000    0.00000    0.00000    0.00000    0.10000
 10105002    0.00000   -2.66000  300.00000  180.00000    0.00000    0.00000    0.00000    0.00000    0.10000
 10106001    0.00000    6.50000  300.00000    0.00000    0.00000    0.00000    0.00000    0.00000    0.10000
 10106002    0.00000    6.50000  300.00000    0.00000    0.00000    0.00000    0.00000    0.00000    0.10000
 20204001    0.00000    4.81597  300.00000    5.16790    0.00000    0.00000    0.00000  180.00000    2.00000
 20204002    0.00000    4.83399  300.00000    5.06541    0.00000    0.00000    0.00000  180.00000    2.00000
 20204003    0.00000    4.85203  300.00000    4.96370    0.00000    0.00000    0.00000  180.00000    2.00000
 20204004    0.00000    4.87008  300.00000    4.86276    0.00000    0.00000    0.00000  180.00000    2.00000
 20204005    0.00000    4.88815  300.00000    4.76259    0.00000    0.00000    0.00000  180.00000    2.00000
 20204006    0.00000    4.90624  300.00000    4.66318    0.00000    0.00000    0.00000  180.00000    2.00000
 20204007    0.00000    4.92433  300.00000    4.56453    0.00000    0.00000    0.00000  180.00000    2.00000
 20204008    0.00000    4.94245  300.00000    4.46661    0.00000    0.00000    0.00000  180.00000    2.00000
 20204009    0.00000    4.96058  300.00000    4.36944    0.00000    0.00000    0.00000  180.00000    2.00000
 20204010    0.00000    4.97872  300.00000    4.27301    0.00000    0.00000    0.00000  180.00000    2.00000
 20204011    0.00000    4.99688  300.00000    4.17730    0.00000    0.00000    0.00000  180.00000    2.00000
 20204012    0.00000    5.01505  300.00000    4.08231    0.00000    0.00000    0.00000  180.00000    2.00000
 20204013    0.00000    5.03323  300.00000    3.98804    0.00000    0.00000    0.00000  180.00000    2.00000
 20204014    0.00000    5.05143  300.00000    3.89449    0.00000    0.00000    0.00000  180.00000    2.00000
 20204015    0.00000    5.06964  300.00000    3.80164    0.00000    0.00000    0.00000  180.00000    2.00000
 20204016    0.00000    5.08787  300.00000    3.70949    0.00000    0.00000    0.00000  180.00000    2.00000
 20204017    0.00000    5.10610  300.00000    3.61804    0.00000    0.00000    0.00000  180.00000    2.00000
 20204018    0.00000    5.12436  300.00000    3.52728    0.00000    0.00000    0.00000  180.00000    2.00000
 20206001    0.00000    4.81596  300.00000    5.18922    0.00000    0.00000    0.00000  231.42000    2.00000
 20206002    0.00000    4.83398  300.00000    5.08665    0.00000    0.00000    0.00000  231.42000    2.00000
 20206003    0.00000    4.85202  300.00000    4.98485    0.00000    0.00000    0.00000  231.42000    2.00000
 20206004    0.00000    4.87007  300.00000    4.88383    0.00000    0.00000    0.00000  231.42000    2.00000
 20206005    0.00000    4.88814  300.00000    4.78358    0.00000    0.00000    0.00000  231.42000    2.00000
 20206006    0.00000    4.90622  300.00000    4.68408    0.00000    0.00000    0.00000  231.42000    2.00000
 20206007    0.00000    4.92431  300.00000    4.58534    0.00000    0.00000    0.00000  231.42000    2.00000
 20206008    0.00000    4.94242  300.00000    4.48735    0.00000    0.00000    0.00000  231.42000    2.00000
 20206009    0.00000    4.96055  300.00000    4.39009    0.00000    0.00000    0.00000  231.42000    2.00000
 20206010    0.00000    4.97869  300.00000    4.29357    0.00000    0.00000    0.00000  231.42000    2.00000
 20206011    0.00000    4.99684  300.00000    4.19778    0.00000    0.00000    0.00000  231.42000    2.00000
 20206012    0.00000    5.01501  300.00000    4.10272    0.00000    0.00000    0.00000  231.42000    2.00000
 20206013    0.00000    5.03319  300.00000    4.00836    0.00000    0.00000    0.00000  231.42000    2.00000
 20206014    0.00000    5.05139  300.00000    3.91472    0.00000    0.00000    0.00000  231.42000    2.00000
 20206015    0.00000    5.06960  300.00000    3.82179    0.00000    0.00000    0.00000  231.42000    2.00000
 20206016    0.00000    5.08782  300.00000    3.72956    0.00000    0.00000    0.00000  231.42000    2.00000
 20206017    0.00000    5.10605  300.00000    3.63802    0.00000    0.00000    0.00000  231.42000    2.00000
 20206018    0.00000    5.12430  300.00000    3.54718    0.00000    0.00000    0.00000  231.42000    2.00000
 20401001    0.00000    3.59782  300.00000   11.38911    0.00000    0.00000    0.00000  102.87000    2.00000
 20401002    0.00000    3.61578  300.00000   11.24944    0.00000    0.00000    0.00000  102.87000    2.00000
 20401003    0.00000    3.63376  300.00000   11.11115    0.00000    0.00000    0.00000  102.87000    2.00000
 20401004    0.00000    3.65176  300.00000   10.97423    0.00000    0.00000    0.00000  102.87000    2.00000
 20401005    0.00000    3.66979  300.00000   10.83866    0.00000    0.00000    0.00000  102.87000    2.00000
 20401006    0.00000    3.68783  300.00000   10.70441    0.00000    0.00000    0.00000  102.87000    2.00000
 20401007    0.00000    3.70589  300.00000   10.57148    0.00000    0.00000    0.00000  102.87000    2.00000
 20401008    0.00000    3.72398  300.00000   10.43984    0.00000    0.00000    0.00000  102.87000    2.00000
 20401009    0.00000    3.74208  300.00000   10.30948    0.00000    0.00000    0.00000  102.87000    2.00000
 20401010    0.00000    3.76020  300.00000   10.18037    0.00000    0.00000    0.00000  102.87000    2.00000
 20401011    0.00000    3.77834  300.00000   10.05251    0.00000    0.00000    0.00000  102.87000    2.00000
 20401012    0.00000    3.79650  300.00000    9.92587    0.00000    0.00000    0.00000  102.87000    2.00000
 20401013    0.00000    3.81468  300.00000    9.80045    0.00000    0.00000    0.00000  102.87000    2.00000
 20401014    0.00000    3.83288  300.00000    9.67622    0.00000    0.00000    0.00000  102.87000    2.00000
 20401015    0.00000    3.85109  300.00000    9.55316    0.00000    0.00000    0.00000  102.87000    2.00000
 20401016    0.00000    3.86932  300.00000    9.43127    0.00000    0.00000    0.00000  102.87000    2.00000
 20401017    0.00000    3.88757  300.00000    9.31053    0.00000    0.00000    0.00000  102.87000    2.00000
 20401018    0.00000    3.90584  300.00000    9.19091    0.00000    0.00000    0.00000  102.87000    2.00000
 20404001    0.00000    3.59783  300.00000   11.21329    0.00000    0.00000    0.00000  180.00000    2.00000
 20404002    0.00000    3.61582  300.00000   11.07450    0.00000    0.00000    0.00000  180.00000    2.00000
 20404003    0.00000    3.63383  300.00000   10.93709    0.00000    0.00000    0.00000  180.00000    2.00000
 20404004    0.00000    3.65186  300.00000   10.80104    0.00000    0.00000    0.00000  180.00000    2.00000
 20404005    0.00000    3.66991  300.00000   10.66633    0.00000    0.00000    0.00000  180.00000    2.00000
 20404006    0.00000    3.68798  300.00000   10.53294    0.00000    0.00000    0.00000  180.00000    2.00000
 20404007    0.00000    3.70607  300.00000   10.40085    0.00000    0.00000    0.00000  180.00000    2.00000
 20404008    0.00000    3.72417  300.00000   10.27006    0.00000    0.00000    0.00000  180.00000    2.00000
 20404009    0.00000    3.74230  300.00000   10.14053    0.00000    0.00000    0.00000  180.00000    2.00000
 20404010    0.00000    3.76045  300.00000   10.01226    0.00000    0.00000    0.00000  180.00000    2.00000
 20404011    0.00000    3.77861  300.00000    9.88522    0.00000    0.00000    0.00000  180.00000    2.00000
 20404012    0.00000    3.79680  300.00000    9.75940    0.00000    0.00000    0.00000  180.00000    2.00000
 20404013    0.00000    3.81500  300.00000    9.63478    0.00000    0.00000    0.00000  180.00000    2.00000
 20404014    0.00000    3.83322  300.00000    9.51136    0.00000    0.00000    0.00000  180.00000    2.00000
 20404015    0.00000    3.85146  300.00000    9.38910    0.00000    0.00000    0.00000  180.00000    2.00000
 20404016    0.00000    3.86971  300.00000    9.26800    0.00000    0.00000    0.00000  180.00000    2.00000
 20404017    0.00000    3.88799  300.00000    9.14805    0.00000    0.00000    0.00000  180.00000    2.00000
 20404018    0.00000    3.90628  300.00000    9.02922    0.00000    0.00000    0.00000  180.00000    2.00000
 20405001    0.00000    3.59783  300.00000   11.29020    0.00000    0.00000    0.00000  205.71000    2.00000
 20405002    0.00000    3.61580  300.00000   11.15103    0.00000    0.00000    0.00000  205.71000    2.00000
 20405003    0.00000    3.63380  300.00000   11.01323    0.00000    0.00000    0.00000  205.71000    2.00000
 20405004    0.00000    3.65182  300.00000   10.87680    0.00000    0.00000    0.00000  205.71000    2.00000
 20405005    0.00000    3.66985  300.00000   10.74171    0.00000    0.00000    0.00000  205.71000    2.00000
 20405006    0.00000    3.68791  300.00000   10.60795    0.00000    0.00000    0.00000  205.71000    2.00000
 20405007    0.00000    3.70599  300.00000   10.47549    0.00000    0.00000    0.00000  205.71000    2.00000
 20405008    0.00000    3.72409  300.00000   10.34433    0.00000    0.00000    0.00000  205.71000    2.00000
 20405009    0.00000    3.74221  300.00000   10.21443    0.00000    0.00000    0.00000  205.71000    2.00000
 20405010    0.00000    3.76034  300.00000   10.08580    0.00000    0.00000    0.00000  205.71000    2.00000
 20405011    0.00000    3.77850  300.00000    9.95840    0.00000    0.00000    0.00000  205.71000    2.00000
 20405012    0.00000    3.79667  300.00000    9.83222    0.00000    0.00000    0.00000  205.71000    2.00000
 20405013    0.00000    3.81486  300.00000    9.70725    0.00000    0.00000    0.00000  205.71000    2.00000
 20405014    0.00000    3.83307  300.00000    9.58347    0.00000    0.00000    0.00000  205.71000    2.00000
 20405015    0.00000    3.85130  300.00000    9.46087    0.00000    0.00000    0.00000  205.71000    2.00000
 20405016    0.00000    3.86954  300.00000    9.33942    0.00000    0.00000    0.00000  205.71000    2.00000
 20405017    0.00000    3.88781  300.00000    9.21912    0.00000    0.00000    0.00000  205.71000    2.00000
 20405018    0.00000    3.90609  300.00000    9.09995    0.00000    0.00000    0.00000  205.71000    2.00000
 20406001    0.00000    3.59782  300.00000   11.38035    0.00000    0.00000    0.00000  231.42000    2.00000
 20406002    0.00000    3.61578  300.00000   11.24072    0.00000    0.00000    0.00000  231.42000    2.00000
 20406003    0.00000    3.63377  300.00000   11.10248    0.00000    0.00000    0.00000  231.42000    2.00000
 20406004    0.00000    3.65177  300.00000   10.96560    0.00000    0.00000    0.00000  231.42000    2.00000
 20406005    0.00000    3.66979  300.00000   10.83007    0.00000    0.00000    0.00000  231.42000    2.00000
 20406006    0.00000    3.68784  300.00000   10.69587    0.00000    0.00000    0.00000  231.42000    2.00000
 20406007    0.00000    3.70590  300.00000   10.56298    0.00000    0.00000    0.00000  231.42000    2.00000
 20406008    0.00000    3.72399  300.00000   10.43138    0.00000    0.00000    0.00000  231.42000    2.00000
 20406009    0.00000    3.74209  300.00000   10.30106    0.00000    0.00000    0.00000  231.42000    2.00000
 20406010    0.00000    3.76021  300.00000   10.17200    0.00000    0.00000    0.00000  231.42000    2.00000
 20406011    0.00000    3.77836  300.00000   10.04418    0.00000    0.00000    0.00000  231.42000    2.00000
 20406012    0.00000    3.79652  300.00000    9.91758    0.00000    0.00000    0.00000  231.42000    2.00000
 20406013    0.00000    3.81470  300.00000    9.79220    0.00000    0.00000    0.00000  231.42000    2.00000
 20406014    0.00000    3.83289  300.00000    9.66800    0.00000    0.00000    0.00000  231.42000    2.00000
 20406015    0.00000    3.85111  300.00000    9.54499    0.00000    0.00000    0.00000  231.42000    2.00000
 20406016    0.00000    3.86934  300.00000    9.42314    0.00000    0.00000    0.00000  231.42000    2.00000
 20406017    0.00000    3.88759  300.00000    9.30243    0.00000    0.00000    0.00000  231.42000    2.00000
 20406018    0.00000    3.90586  300.00000    9.18286    0.00000    0.00000    0.00000  231.42000    2.00000
 20501001    0.00000    2.80059  300.00000   14.73995    0.00000    0.00000    0.00000  102.87000    2.00000
 20501002    0.00000    2.81850  300.00000   14.55848    0.00000    0.00000    0.00000  102.87000    2.00000
 20501003    0.00000    2.83644  300.00000   14.37931    0.00000    0.00000    0.00000  102.87000    2.00000
 20501004    0.00000    2.85440  300.00000   14.20240    0.00000    0.00000    0.00000  102.87000    2.00000
 20501005    0.00000    2.87239  300.00000   14.02770    0.00000    0.00000    0.00000  102.87000    2.00000
 20501006    0.00000    2.89041  300.00000   13.85519    0.00000    0.00000    0.00000  102.87000    2.00000
 20501007    0.00000    2.90846  300.00000   13.68481    0.00000    0.00000    0.00000  102.87000    2.00000
 20501008    0.00000    2.92652  300.00000   13.51654    0.00000    0.00000    0.00000  102.87000    2.00000
 20501009    0.00000    2.94462  300.00000   13.35034    0.00000    0.00000    0.00000  102.87000    2.00000
 20501010    0.00000    2.96274  300.00000   13.18617    0.00000    0.00000    0.00000  102.87000    2.00000
 20501011    0.00000    2.98088  300.00000   13.02400    0.00000    0.00000    0.00000  102.87000    2.00000
 20501012    0.00000    2.99905  300.00000   12.86380    0.00000    0.00000    0.00000  102.87000    2.00000
 20501013    0.00000    3.01724  300.00000   12.70553    0.00000    0.00000    0.00000  102.87000    2.00000
 20501014    0.00000    3.03545  300.00000   12.54916    0.00000    0.00000    0.00000  102.87000    2.00000
 20501015    0.00000    3.05368  300.00000   12.39466    0.00000    0.00000    0.00000  102.87000    2.00000
 20501016    0.00000    3.07194  300.00000   12.24199    0.00000    0.00000    0.00000  102.87000    2.00000
 20501017    0.00000    3.09022  300.00000   12.09114    0.00000    0.00000    0.00000  102.87000    2.00000
 20501018    0.00000    3.10852  300.00000   11.94206    0.00000    0.00000    0.00000  102.87000    2.00000
 20504001    0.00000    2.80061  300.00000   14.50281    0.00000    0.00000    0.00000  180.00000    2.00000
 20504002    0.00000    2.81856  300.00000   14.32286    0.00000    0.00000    0.00000  180.00000    2.00000
 20504003    0.00000    2.83653  300.00000   14.14519    0.00000    0.00000    0.00000  180.00000    2.00000
 20504004    0.00000    2.85453  300.00000   13.96977    0.00000    0.00000    0.00000  180.00000    2.00000
 20504005    0.00000    2.87256  300.00000   13.79654    0.00000    0.00000    0.00000  180.00000    2.00000
 20504006    0.00000    2.89061  300.00000   13.62549    0.00000    0.00000    0.00000  180.00000    2.00000
 20504007    0.00000    2.90869  300.00000   13.45655    0.00000    0.00000    0.00000  180.00000    2.00000
 20504008    0.00000    2.92679  300.00000   13.28972    0.00000    0.00000    0.00000  180.00000    2.00000
 20504009    0.00000    2.94492  300.00000   13.12493    0.00000    0.00000    0.00000  180.00000    2.00000
 20504010    0.00000    2.96307  300.00000   12.96217    0.00000    0.00000    0.00000  180.00000    2.00000
 20504011    0.00000    2.98125  300.00000   12.80139    0.00000    0.00000    0.00000  180.00000    2.00000
 20504012    0.00000    2.99944  300.00000   12.64256    0.00000    0.00000    0.00000  180.00000    2.00000
 20504013    0.00000    3.01767  300.00000   12.48566    0.00000    0.00000    0.00000  180.00000    2.00000
 20504014    0.00000    3.03591  300.00000   12.33064    0.00000    0.00000    0.00000  180.00000    2.00000
 20504015    0.00000    3.05418  300.00000   12.17748    0.00000    0.00000    0.00000  180.00000    2.00000
 20504016    0.00000    3.07246  300.00000   12.02614    0.00000    0.00000    0.00000  180.00000    2.00000
 20504017    0.00000    3.09077  300.00000   11.87659    0.00000    0.00000    0.00000  180.00000    2.00000
 20504018    0.00000    3.10910  300.00000   11.72882    0.00000    0.00000    0.00000  180.00000    2.00000
 20505001    0.00000    2.80061  300.00000   14.55272    0.00000    0.00000    0.00000  205.71000    2.00000
 20505002    0.00000    2.81854  300.00000   14.37245    0.00000    0.00000    0.00000  205.71000    2.00000
 20505003    0.00000    2.83651  300.00000   14.19447    0.00000    0.00000    0.00000  205.71000    2.00000
 20505004    0.00000    2.85450  300.00000   14.01873    0.00000    0.00000    0.00000  205.71000    2.00000
 20505005    0.00000    2.87252  300.00000   13.84520    0.00000    0.00000    0.00000  205.71000    2.00000
 20505006    0.00000    2.89057  300.00000   13.67383    0.00000    0.00000    0.00000  205.71000    2.00000
 20505007    0.00000    2.90864  300.00000   13.50460    0.00000    0.00000    0.00000  205.71000    2.00000
 20505008    0.00000    2.92673  300.00000   13.33745    0.00000    0.00000    0.00000  205.71000    2.00000
 20505009    0.00000    2.94486  300.00000   13.17237    0.00000    0.00000    0.00000  205.71000    2.00000
 20505010    0.00000    2.96300  300.00000   13.00931    0.00000    0.00000    0.00000  205.71000    2.00000
 20505011    0.00000    2.98117  300.00000   12.84824    0.00000    0.00000    0.00000  205.71000    2.00000
 20505012    0.00000    2.99936  300.00000   12.68912    0.00000    0.00000    0.00000  205.71000    2.00000
 20505013    0.00000    3.01758  300.00000   12.53193    0.00000    0.00000    0.00000  205.71000    2.00000
 20505014    0.00000    3.03581  300.00000   12.37663    0.00000    0.00000    0.00000  205.71000    2.00000
 20505015    0.00000    3.05407  300.00000   12.22318    0.00000    0.00000    0.00000  205.71000    2.00000
 20505016    0.00000    3.07235  300.00000   12.07157    0.00000    0.00000    0.00000  205.71000    2.00000
 20505017    0.00000    3.09066  300.00000   11.92175    0.00000    0.00000    0.00000  205.71000    2.00000
 20505018    0.00000    3.10898  300.00000   11.77370    0.00000    0.00000    0.00000  205.71000    2.00000
 20506001    0.00000    2.80060  300.00000   14.62759    0.00000    0.00000    0.00000  231.42000    2.00000
 20506002    0.00000    2.81853  300.00000   14.44684    0.00000    0.00000    0.00000  231.42000    2.00000
 20506003    0.00000    2.83648  300.00000   14.26838    0.00000    0.00000    0.00000  231.42000    2.00000
 20506004    0.00000    2.85446  300.00000   14.09218    0.00000    0.00000    0.00000  231.42000    2.00000
 20506005    0.00000    2.87247  300.00000   13.91818    0.00000    0.00000    0.00000  231.42000    2.00000
 20506006    0.00000    2.89051  300.00000   13.74635    0.00000    0.00000    0.00000  231.42000    2.00000
 20506007    0.00000    2.90857  300.00000   13.57666    0.00000    0.00000    0.00000  231.42000    2.00000
 20506008    0.00000    2.92665  300.00000   13.40907    0.00000    0.00000    0.00000  231.42000    2.00000
 20506009    0.00000    2.94476  300.00000   13.24353    0.00000    0.00000    0.00000  231.42000    2.00000
 20506010    0.00000    2.96290  300.00000   13.08003    0.00000    0.00000    0.00000  231.42000    2.00000
 20506011    0.00000    2.98105  300.00000   12.91852    0.00000    0.00000    0.00000  231.42000    2.00000
 20506012    0.00000    2.99924  300.00000   12.75897    0.00000    0.00000    0.00000  231.42000    2.00000
 20506013    0.00000    3.01744  300.00000   12.60135    0.00000    0.00000    0.00000  231.42000    2.00000
 20506014    0.00000    3.03567  300.00000   12.44562    0.00000    0.00000    0.00000  231.42000    2.00000
 20506015    0.00000    3.05392  300.00000   12.29175    0.00000    0.00000    0.00000  231.42000    2.00000
 20506016    0.00000    3.07219  300.00000   12.13972    0.00000    0.00000    0.00000  231.42000    2.00000
 20506017    0.00000    3.09048  300.00000   11.98948    0.00000    0.00000    0.00000  231.42000    2.00000
 20506018    0.00000    3.10879  300.00000   11.84102    0.00000    0.00000    0.00000  231.42000    2.00000
 20601001    0.00000    1.93381  300.00000   22.30000    0.00000    0.00000    0.00000  102.87000    2.00000
 20601002    0.00000    1.95158  300.00000   22.02898    0.00000    0.00000    0.00000  102.87000    2.00000
 20601003    0.00000    1.96939  300.00000   21.76287    0.00000    0.00000    0.00000  102.87000    2.00000
 20601004    0.00000    1.98723  300.00000   21.50152    0.00000    0.00000    0.00000  102.87000    2.00000
 20601005    0.00000    2.00512  300.00000   21.24484    0.00000    0.00000    0.00000  102.87000    2.00000
 20601006    0.00000    2.02305  300.00000   20.99270    0.00000    0.00000    0.00000  102.87000    2.00000
 20601007    0.00000    2.04102  300.00000   20.74500    0.00000    0.00000    0.00000  102.87000    2.00000
 20601008    0.00000    2.05902  300.00000   20.50162    0.00000    0.00000    0.00000  102.87000    2.00000
 20601009    0.00000    2.07706  300.00000   20.26247    0.00000    0.00000    0.00000  102.87000    2.00000
 20601010    0.00000    2.09514  300.00000   20.02744    0.00000    0.00000    0.00000  102.87000    2.00000
 20601011    0.00000    2.11325  300.00000   19.79644    0.00000    0.00000    0.00000  102.87000    2.00000
 20601012    0.00000    2.13140  300.00000   19.56937    0.00000    0.00000    0.00000  102.87000    2.00000
 20601013    0.00000    2.14957  300.00000   19.34613    0.00000    0.00000    0.00000  102.87000    2.00000
 20601014    0.00000    2.16778  300.00000   19.12664    0.00000    0.00000    0.00000  102.87000    2.00000
 20601015    0.00000    2.18602  300.00000   18.91082    0.00000    0.00000    0.00000  102.87000    2.00000
 20601016    0.00000    2.20430  300.00000   18.69857    0.00000    0.00000    0.00000  102.87000    2.00000
 20601017    0.00000    2.22260  300.00000   18.48981    0.00000    0.00000    0.00000  102.87000    2.00000
 20601018    0.00000    2.24093  300.00000   18.28446    0.00000    0.00000    0.00000  102.87000    2.00000
 20603001    0.00000    1.93383  300.00000   22.16275    0.00000    0.00000    0.00000  154.29000    2.00000
 20603002    0.00000    1.95161  300.00000   21.89299    0.00000    0.00000    0.00000  154.29000    2.00000
 20603003    0.00000    1.96944  300.00000   21.62811    0.00000    0.00000    0.00000  154.29000    2.00000
 20603004    0.00000    1.98731  300.00000   21.36799    0.00000    0.00000    0.00000  154.29000    2.00000
 20603005    0.00000    2.00522  300.00000   21.11251    0.00000    0.00000    0.00000  154.29000    2.00000
 20603006    0.00000    2.02317  300.00000   20.86156    0.00000    0.00000    0.00000  154.29000    2.00000
 20603007    0.00000    2.04115  300.00000   20.61503    0.00000    0.00000    0.00000  154.29000    2.00000
 20603008    0.00000    2.05918  300.00000   20.37281    0.00000    0.00000    0.00000  154.29000    2.00000
 20603009    0.00000    2.07724  300.00000   20.13480    0.00000    0.00000    0.00000  154.29000    2.00000
 20603010    0.00000    2.09533  300.00000   19.90090    0.00000    0.00000    0.00000  154.29000    2.00000
 20603011    0.00000    2.11346  300.00000   19.67100    0.00000    0.00000    0.00000  154.29000    2.00000
 20603012    0.00000    2.13163  300.00000   19.44502    0.00000    0.00000    0.00000  154.29000    2.00000
 20603013    0.00000    2.14982  300.00000   19.22286    0.00000    0.00000    0.00000  154.29000    2.00000
 20603014    0.00000    2.16805  300.00000   19.00444    0.00000    0.00000    0.00000  154.29000    2.00000
 20603015    0.00000    2.18631  300.00000   18.78966    0.00000    0.00000    0.00000  154.29000    2.00000
 20603016    0.00000    2.20460  300.00000   18.57844    0.00000    0.00000    0.00000  154.29000    2.00000
 20603017    0.00000    2.22292  300.00000   18.37071    0.00000    0.00000    0.00000  154.29000    2.00000
 20603018    0.00000    2.24126  300.00000   18.16637    0.00000    0.00000    0.00000  154.29000    2.00000
 20604001    0.00000    1.93383  300.00000   22.15262    0.00000    0.00000    0.00000  180.00000    2.00000
 20604002    0.00000    1.95161  300.00000   21.88296    0.00000    0.00000    0.00000  180.00000    2.00000
 20604003    0.00000    1.96944  300.00000   21.61817    0.00000    0.00000    0.00000  180.00000    2.00000
 20604004    0.00000    1.98731  300.00000   21.35814    0.00000    0.00000    0.00000  180.00000    2.00000
 20604005    0.00000    2.00523  300.00000   21.10275    0.00000    0.00000    0.00000  180.00000    2.00000
 20604006    0.00000    2.02318  300.00000   20.85188    0.00000    0.00000    0.00000  180.00000    2.00000
 20604007    0.00000    2.04116  300.00000   20.60544    0.00000    0.00000    0.00000  180.00000    2.00000
 20604008    0.00000    2.05919  300.00000   20.36330    0.00000    0.00000    0.00000  180.00000    2.00000
 20604009    0.00000    2.07725  300.00000   20.12538    0.00000    0.00000    0.00000  180.00000    2.00000
 20604010    0.00000    2.09535  300.00000   19.89156    0.00000    0.00000    0.00000  180.00000    2.00000
 20604011    0.00000    2.11348  300.00000   19.66174    0.00000    0.00000    0.00000  180.00000    2.00000
 20604012    0.00000    2.13164  300.00000   19.43584    0.00000    0.00000    0.00000  180.00000    2.00000
 20604013    0.00000    2.14984  300.00000   19.21377    0.00000    0.00000    0.00000  180.00000    2.00000
 20604014    0.00000    2.16807  300.00000   18.99542    0.00000    0.00000    0.00000  180.00000    2.00000
 20604015    0.00000    2.18633  300.00000   18.78072    0.00000    0.00000    0.00000  180.00000    2.00000
 20604016    0.00000    2.20462  300.00000   18.56958    0.00000    0.00000    0.00000  180.00000    2.00000
 20604017    0.00000    2.22294  300.00000   18.36192    0.00000    0.00000    0.00000  180.00000    2.00000
 20604018    0.00000    2.24129  300.00000   18.15765    0.00000    0.00000    0.00000  180.00000    2.00000
 20605001    0.00000    1.93382  300.00000   22.17755    0.00000    0.00000    0.00000  205.71000    2.00000
 20605002    0.00000    1.95161  300.00000   21.90766    0.00000    0.00000    0.00000  205.71000    2.00000
 20605003    0.00000    1.96943  300.00000   21.64264    0.00000    0.00000    0.00000  205.71000    2.00000
 20605004    0.00000    1.98730  300.00000   21.38239    0.00000    0.00000    0.00000  205.71000    2.00000
 20605005    0.00000    2.00521  300.00000   21.12678    0.00000    0.00000    0.00000  205.71000    2.00000
 20605006    0.00000    2.02315  300.00000   20.87570    0.00000    0.00000    0.00000  205.71000    2.00000
 20605007    0.00000    2.04114  300.00000   20.62904    0.00000    0.00000    0.00000  205.71000    2.00000
 20605008    0.00000    2.05916  300.00000   20.38670    0.00000    0.00000    0.00000  205.71000    2.00000
 20605009    0.00000    2.07722  300.00000   20.14856    0.00000    0.00000    0.00000  205.71000    2.00000
 20605010    0.00000    2.09531  300.00000   19.91454    0.00000    0.00000    0.00000  205.71000    2.00000
 20605011    0.00000    2.11344  300.00000   19.68452    0.00000    0.00000    0.00000  205.71000    2.00000
 20605012    0.00000    2.13160  300.00000   19.45843    0.00000    0.00000    0.00000  205.71000    2.00000
 20605013    0.00000    2.14980  300.00000   19.23615    0.00000    0.00000    0.00000  205.71000    2.00000
 20605014    0.00000    2.16802  300.00000   19.01761    0.00000    0.00000    0.00000  205.71000    2.00000
 20605015    0.00000    2.18628  300.00000   18.80272    0.00000    0.00000    0.00000  205.71000    2.00000
 20605016    0.00000    2.20457  300.00000   18.59139    0.00000    0.00000    0.00000  205.71000    2.00000
 20605017    0.00000    2.22288  300.00000   18.38355    0.00000    0.00000    0.00000  205.71000    2.00000
 20605018    0.00000    2.24123  300.00000   18.17910    0.00000    0.00000    0.00000  205.71000    2.00000
 20606001    0.00000    1.93383  300.00000   22.14289    0.00000    0.00000    0.00000  231.42000    2.00000
 20606002    0.00000    1.95162  300.00000   21.87331    0.00000    0.00000    0.00000  231.42000    2.00000
 20606003    0.00000    1.96945  300.00000   21.60861    0.00000    0.00000    0.00000  231.42000    2.00000
 20606004    0.00000    1.98732  300.00000   21.34867    0.00000    0.00000    0.00000  231.42000    2.00000
 20606005    0.00000    2.00523  300.00000   21.09336    0.00000    0.00000    0.00000  231.42000    2.00000
 20606006    0.00000    2.02318  300.00000   20.84259    0.00000    0.00000    0.00000  231.42000    2.00000
 20606007    0.00000    2.04117  300.00000   20.59622    0.00000    0.00000    0.00000  231.42000    2.00000
 20606008    0.00000    2.05920  300.00000   20.35417    0.00000    0.00000    0.00000  231.42000    2.00000
 20606009    0.00000    2.07726  300.00000   20.11632    0.00000    0.00000    0.00000  231.42000    2.00000
 20606010    0.00000    2.09536  300.00000   19.88258    0.00000    0.00000    0.00000  231.42000    2.00000
 20606011    0.00000    2.11349  300.00000   19.65285    0.00000    0.00000    0.00000  231.42000    2.00000
 20606012    0.00000    2.13166  300.00000   19.42703    0.00000    0.00000    0.00000  231.42000    2.00000
 20606013    0.00000    2.14986  300.00000   19.20503    0.00000    0.00000    0.00000  231.42000    2.00000
 20606014    0.00000    2.16809  300.00000   18.98676    0.00000    0.00000    0.00000  231.42000    2.00000
 20606015    0.00000    2.18635  300.00000   18.77213    0.00000    0.00000    0.00000  231.42000    2.00000
 20606016    0.00000    2.20464  300.00000   18.56106    0.00000    0.00000    0.00000  231.42000    2.00000
 20606017    0.00000    2.22296  300.00000   18.35347    0.00000    0.00000    0.00000  231.42000    2.00000
 20606018    0.00000    2.24131  300.00000   18.14928    0.00000    0.00000    0.00000  231.42000    2.00000
 20701001    0.00000    1.52193  300.00000   29.09637    0.00000    0.00000    0.00000  102.87000    2.00000
 20701002    0.00000    1.53959  300.00000   28.74466    0.00000    0.00000    0.00000  102.87000    2.00000
 20701003    0.00000    1.55730  300.00000   28.40095    0.00000    0.00000    0.00000  102.87000    2.00000
 20701004    0.00000    1.57507  300.00000   28.06497    0.00000    0.00000    0.00000  102.87000    2.00000
 20701005    0.00000    1.59289  300.00000   27.73651    0.00000    0.00000    0.00000  102.87000    2.00000
 20701006    0.00000    1.61076  300.00000   27.41532    0.00000    0.00000    0.00000  102.87000    2.00000
 20701007    0.00000    1.62868  300.00000   27.10119    0.00000    0.00000    0.00000  102.87000    2.00000
 20701008    0.00000    1.64665  300.00000   26.79390    0.00000    0.00000    0.00000  102.87000    2.00000
 20701009    0.00000    1.66466  300.00000   26.49326    0.00000    0.00000    0.00000  102.87000    2.00000
 20701010    0.00000    1.68272  300.00000   26.19906    0.00000    0.00000    0.00000  102.87000    2.00000
 20701011    0.00000    1.70082  300.00000   25.91112    0.00000    0.00000    0.00000  102.87000    2.00000
 20701012    0.00000    1.71897  300.00000   25.62925    0.00000    0.00000    0.00000  102.87000    2.00000
 20701013    0.00000    1.73715  300.00000   25.35328    0.00000    0.00000    0.00000  102.87000    2.00000
 20701014    0.00000    1.75538  300.00000   25.08303    0.00000    0.00000    0.00000  102.87000    2.00000
 20701015    0.00000    1.77364  300.00000   24.81834    0.00000    0.00000    0.00000  102.87000    2.00000
 20701016    0.00000    1.79194  300.00000   24.55905    0.00000    0.00000    0.00000  102.87000    2.00000
 20701017    0.00000    1.81028  300.00000   24.30500    0.00000    0.00000    0.00000  102.87000    2.00000
 20701018    0.00000    1.82865  300.00000   24.05606    0.00000    0.00000    0.00000  102.87000    2.00000
 20703001    0.00000    1.52194  300.00000   28.94956    0.00000    0.00000    0.00000  154.29000    2.00000
 20703002    0.00000    1.53962  300.00000   28.59955    0.00000    0.00000    0.00000  154.29000    2.00000
 20703003    0.00000    1.55736  300.00000   28.25749    0.00000    0.00000    0.00000  154.29000    2.00000
 20703004    0.00000    1.57515  300.00000   27.92315    0.00000    0.00000    0.00000  154.29000    2.00000
 20703005    0.00000    1.59299  300.00000   27.59629    0.00000    0.00000    0.00000  154.29000    2.00000
 20703006    0.00000    1.61088  300.00000   27.27668    0.00000    0.00000    0.00000  154.29000    2.00000
 20703007    0.00000    1.62882  300.00000   26.96410    0.00000    0.00000    0.00000  154.29000    2.00000
 20703008    0.00000    1.64681  300.00000   26.65835    0.00000    0.00000    0.00000  154.29000    2.00000
 20703009    0.00000    1.66485  300.00000   26.35920    0.00000    0.00000    0.00000  154.29000    2.00000
 20703010    0.00000    1.68293  300.00000   26.06648    0.00000    0.00000    0.00000  154.29000    2.00000
 20703011    0.00000    1.70105  300.00000   25.77999    0.00000    0.00000    0.00000  154.29000    2.00000
 20703012    0.00000    1.71922  300.00000   25.49954    0.00000    0.00000    0.00000  154.29000    2.00000
 20703013    0.00000    1.73742  300.00000   25.22497    0.00000    0.00000    0.00000  154.29000    2.00000
 20703014    0.00000    1.75566  300.00000   24.95609    0.00000    0.00000    0.00000  154.29000    2.00000
 20703015    0.00000    1.77394  300.00000   24.69275    0.00000    0.00000    0.00000  154.29000    2.00000
 20703016    0.00000    1.79226  300.00000   24.43479    0.00000    0.00000    0.00000  154.29000    2.00000
 20703017    0.00000    1.81062  300.00000   24.18205    0.00000    0.00000    0.00000  154.29000    2.00000
 20703018    0.00000    1.82900  300.00000   23.93439    0.00000    0.00000    0.00000  154.29000    2.00000
 20704001    0.00000    1.52194  300.00000   28.99192    0.00000    0.00000    0.00000  180.00000    2.00000
 20704002    0.00000    1.53961  300.00000   28.64142    0.00000    0.00000    0.00000  180.00000    2.00000
 20704003    0.00000    1.55734  300.00000   28.29888    0.00000    0.00000    0.00000  180.00000    2.00000
 20704004    0.00000    1.57512  300.00000   27.96407    0.00000    0.00000    0.00000  180.00000    2.00000
 20704005    0.00000    1.59296  300.00000   27.63675    0.00000    0.00000    0.00000  180.00000    2.00000
 20704006    0.00000    1.61085  300.00000   27.31668    0.00000    0.00000    0.00000  180.00000    2.00000
 20704007    0.00000    1.62878  300.00000   27.00365    0.00000    0.00000    0.00000  180.00000    2.00000
 20704008    0.00000    1.64677  300.00000   26.69745    0.00000    0.00000    0.00000  180.00000    2.00000
 20704009    0.00000    1.66479  300.00000   26.39788    0.00000    0.00000    0.00000  180.00000    2.00000
 20704010    0.00000    1.68287  300.00000   26.10473    0.00000    0.00000    0.00000  180.00000    2.00000
 20704011    0.00000    1.70099  300.00000   25.81782    0.00000    0.00000    0.00000  180.00000    2.00000
 20704012    0.00000    1.71914  300.00000   25.53696    0.00000    0.00000    0.00000  180.00000    2.00000
 20704013    0.00000    1.73734  300.00000   25.26198    0.00000    0.00000    0.00000  180.00000    2.00000
 20704014    0.00000    1.75558  300.00000   24.99271    0.00000    0.00000    0.00000  180.00000    2.00000
 20704015    0.00000    1.77386  300.00000   24.72898    0.00000    0.00000    0.00000  180.00000    2.00000
 20704016    0.00000    1.79217  300.00000   24.47064    0.00000    0.00000    0.00000  180.00000    2.00000
 20704017    0.00000    1.81052  300.00000   24.21752    0.00000    0.00000    0.00000  180.00000    2.00000
 20704018    0.00000    1.82890  300.00000   23.96949    0.00000    0.00000    0.00000  180.00000    2.00000
 20705001    0.00000    1.52194  300.00000   28.94123    0.00000    0.00000    0.00000  205.71000    2.00000
 20705002    0.00000    1.53963  300.00000   28.59131    0.00000    0.00000    0.00000  205.71000    2.00000
 20705003    0.00000    1.55736  300.00000   28.24935    0.00000    0.00000    0.00000  205.71000    2.00000
 20705004    0.00000    1.57515  300.00000   27.91511    0.00000    0.00000    0.00000  205.71000    2.00000
 20705005    0.00000    1.59300  300.00000   27.58834    0.00000    0.00000    0.00000  205.71000    2.00000
 20705006    0.00000    1.61089  300.00000   27.26881    0.00000    0.00000    0.00000  205.71000    2.00000
 20705007    0.00000    1.62883  300.00000   26.95632    0.00000    0.00000    0.00000  205.71000    2.00000
 20705008    0.00000    1.64682  300.00000   26.65065    0.00000    0.00000    0.00000  205.71000    2.00000
 20705009    0.00000    1.66486  300.00000   26.35160    0.00000    0.00000    0.00000  205.71000    2.00000
 20705010    0.00000    1.68294  300.00000   26.05896    0.00000    0.00000    0.00000  205.71000    2.00000
 20705011    0.00000    1.70106  300.00000   25.77255    0.00000    0.00000    0.00000  205.71000    2.00000
 20705012    0.00000    1.71923  300.00000   25.49218    0.00000    0.00000    0.00000  205.71000    2.00000
 20705013    0.00000    1.73743  300.00000   25.21768    0.00000    0.00000    0.00000  205.71000    2.00000
 20705014    0.00000    1.75568  300.00000   24.94889    0.00000    0.00000    0.00000  205.71000    2.00000
 20705015    0.00000    1.77396  300.00000   24.68562    0.00000    0.00000    0.00000  205.71000    2.00000
 20705016    0.00000    1.79228  300.00000   24.42774    0.00000    0.00000    0.00000  205.71000    2.00000
 20705017    0.00000    1.81064  300.00000   24.17507    0.00000    0.00000    0.00000  205.71000    2.00000
 20705018    0.00000    1.82902  300.00000   23.92749    0.00000    0.00000    0.00000  205.71000    2.00000
 20706001    0.00000    1.52193  300.00000   29.09696    0.00000    0.00000    0.00000  231.42000    2.00000
 20706002    0.00000    1.53959  300.00000   28.74525    0.00000    0.00000    0.00000  231.42000    2.00000
 20706003    0.00000    1.55730  300.00000   28.40153    0.00000    0.00000    0.00000  231.42000    2.00000
 20706004    0.00000    1.57507  300.00000   28.06555    0.00000    0.00000    0.00000  231.42000    2.00000
 20706005    0.00000    1.59289  300.00000   27.73707    0.00000    0.00000    0.00000  231.42000    2.00000
 20706006    0.00000    1.61076  300.00000   27.41588    0.00000    0.00000    0.00000  231.42000    2.00000
 20706007    0.00000    1.62868  300.00000   27.10174    0.00000    0.00000    0.00000  231.42000    2.00000
 20706008    0.00000    1.64665  300.00000   26.79445    0.00000    0.00000    0.00000  231.42000    2.00000
 20706009    0.00000    1.66466  300.00000   26.49380    0.00000    0.00000    0.00000  231.42000    2.00000
 20706010    0.00000    1.68272  300.00000   26.19960    0.00000    0.00000    0.00000  231.42000    2.00000
 20706011    0.00000    1.70082  300.00000   25.91165    0.00000    0.00000    0.00000  231.42000    2.00000
 20706012    0.00000    1.71897  300.00000   25.62978    0.00000    0.00000    0.00000  231.42000    2.00000
 20706013    0.00000    1.73715  300.00000   25.35380    0.00000    0.00000    0.00000  231.42000    2.00000
 20706014    0.00000    1.75538  300.00000   25.08354    0.00000    0.00000    0.00000  231.42000    2.00000
 20706015    0.00000    1.77364  300.00000   24.81884    0.00000    0.00000    0.00000  231.42000    2.00000
 20706016    0.00000    1.79194  300.00000   24.55955    0.00000    0.00000    0.00000  231.42000    2.00000
 20706017    0.00000    1.81028  300.00000   24.30550    0.00000    0.00000    0.00000  231.42000    2.00000
 20706018    0.00000    1.82865  300.00000   24.05656    0.00000    0.00000    0.00000  231.42000    2.00000
 20801001    0.00000    1.10392  300.00000   40.47781    0.00000    0.00000    0.00000  102.87000    2.00000
 20801002    0.00000    1.11901  300.00000   39.80091    0.00000    0.00000    0.00000  102.87000    2.00000
 20801003    0.00000    1.13425  300.00000   39.14210    0.00000    0.00000    0.00000  102.87000    2.00000
 20801004    0.00000    1.14963  300.00000   38.50085    0.00000    0.00000    0.00000  102.87000    2.00000
 20801005    0.00000    1.16516  300.00000   37.87661    0.00000    0.00000    0.00000  102.87000    2.00000
 20801006    0.00000    1.18082  300.00000   37.26885    0.00000    0.00000    0.00000  102.87000    2.00000
 20801007    0.00000    1.19660  300.00000   36.67706    0.00000    0.00000    0.00000  102.87000    2.00000
 20801008    0.00000    1.21252  300.00000   36.10075    0.00000    0.00000    0.00000  102.87000    2.00000
 20801009    0.00000    1.22855  300.00000   35.53943    0.00000    0.00000    0.00000  102.87000    2.00000
 20801010    0.00000    1.24469  300.00000   34.99261    0.00000    0.00000    0.00000  102.87000    2.00000
 20801011    0.00000    1.26095  300.00000   34.45985    0.00000    0.00000    0.00000  102.87000    2.00000
 20801012    0.00000    1.27732  300.00000   33.94069    0.00000    0.00000    0.00000  102.87000    2.00000
 20801013    0.00000    1.29378  300.00000   33.43471    0.00000    0.00000    0.00000  102.87000    2.00000
 20801014    0.00000    1.31035  300.00000   32.94149    0.00000    0.00000    0.00000  102.87000    2.00000
 20801015    0.00000    1.32700  300.00000   32.46061    0.00000    0.00000    0.00000  102.87000    2.00000
 20801016    0.00000    1.34375  300.00000   31.99169    0.00000    0.00000    0.00000  102.87000    2.00000
 20801017    0.00000    1.36059  300.00000   31.53434    0.00000    0.00000    0.00000  102.87000    2.00000
 20801018    0.00000    1.37751  300.00000   31.08820    0.00000    0.00000    0.00000  102.87000    2.00000
 20803001    0.00000    1.10396  300.00000   40.15284    0.00000    0.00000    0.00000  154.29000    2.00000
 20803002    0.00000    1.11912  300.00000   39.48038    0.00000    0.00000    0.00000  154.29000    2.00000
 20803003    0.00000    1.13443  300.00000   38.82598    0.00000    0.00000    0.00000  154.29000    2.00000
 20803004    0.00000    1.14989  300.00000   38.18908    0.00000    0.00000    0.00000  154.29000    2.00000
 20803005    0.00000    1.16548  300.00000   37.56916    0.00000    0.00000    0.00000  154.29000    2.00000
 20803006    0.00000    1.18120  300.00000   36.96567    0.00000    0.00000    0.00000  154.29000    2.00000
 20803007    0.00000    1.19705  300.00000   36.37809    0.00000    0.00000    0.00000  154.29000    2.00000
 20803008    0.00000    1.21303  300.00000   35.80594    0.00000    0.00000    0.00000  154.29000    2.00000
 20803009    0.00000    1.22912  300.00000   35.24872    0.00000    0.00000    0.00000  154.29000    2.00000
 20803010    0.00000    1.24533  300.00000   34.70594    0.00000    0.00000    0.00000  154.29000    2.00000
 20803011    0.00000    1.26164  300.00000   34.17716    0.00000    0.00000    0.00000  154.29000    2.00000
 20803012    0.00000    1.27806  300.00000   33.66193    0.00000    0.00000    0.00000  154.29000    2.00000
 20803013    0.00000    1.29458  300.00000   33.15980    0.00000    0.00000    0.00000  154.29000    2.00000
 20803014    0.00000    1.31120  300.00000   32.67036    0.00000    0.00000    0.00000  154.29000    2.00000
 20803015    0.00000    1.32791  300.00000   32.19321    0.00000    0.00000    0.00000  154.29000    2.00000
 20803016    0.00000    1.34471  300.00000   31.72795    0.00000    0.00000    0.00000  154.29000    2.00000
 20803017    0.00000    1.36160  300.00000   31.27420    0.00000    0.00000    0.00000  154.29000    2.00000
 20803018    0.00000    1.37857  300.00000   30.83160    0.00000    0.00000    0.00000  154.29000    2.00000
 20804001    0.00000    1.10394  300.00000   40.36090    0.00000    0.00000    0.00000  180.00000    2.00000
 20804002    0.00000    1.11905  300.00000   39.68559    0.00000    0.00000    0.00000  180.00000    2.00000
 20804003    0.00000    1.13431  300.00000   39.02837    0.00000    0.00000    0.00000  180.00000    2.00000
 20804004    0.00000    1.14972  300.00000   38.38868    0.00000    0.00000    0.00000  180.00000    2.00000
 20804005    0.00000    1.16527  300.00000   37.76599    0.00000    0.00000    0.00000  180.00000    2.00000
 20804006    0.00000    1.18095  300.00000   37.15976    0.00000    0.00000    0.00000  180.00000    2.00000
 20804007    0.00000    1.19677  300.00000   36.56950    0.00000    0.00000    0.00000  180.00000    2.00000
 20804008    0.00000    1.21270  300.00000   35.99468    0.00000    0.00000    0.00000  180.00000    2.00000
 20804009    0.00000    1.22876  300.00000   35.43483    0.00000    0.00000    0.00000  180.00000    2.00000
 20804010    0.00000    1.24492  300.00000   34.88947    0.00000    0.00000    0.00000  180.00000    2.00000
 20804011    0.00000    1.26120  300.00000   34.35814    0.00000    0.00000    0.00000  180.00000    2.00000
 20804012    0.00000    1.27759  300.00000   33.84039    0.00000    0.00000    0.00000  180.00000    2.00000
 20804013    0.00000    1.29407  300.00000   33.33579    0.00000    0.00000    0.00000  180.00000    2.00000
 20804014    0.00000    1.31065  300.00000   32.84393    0.00000    0.00000    0.00000  180.00000    2.00000
 20804015    0.00000    1.32733  300.00000   32.36439    0.00000    0.00000    0.00000  180.00000    2.00000
 20804016    0.00000    1.34410  300.00000   31.89679    0.00000    0.00000    0.00000  180.00000    2.00000
 20804017    0.00000    1.36096  300.00000   31.44074    0.00000    0.00000    0.00000  180.00000    2.00000
 20804018    0.00000    1.37789  300.00000   30.99587    0.00000    0.00000    0.00000  180.00000    2.00000
 20805001    0.00000    1.10393  300.00000   40.39983    0.00000    0.00000    0.00000  205.71000    2.00000
 20805002    0.00000    1.11904  300.00000   39.72399    0.00000    0.00000    0.00000  205.71000    2.00000
 20805003    0.00000    1.13429  300.00000   39.06625    0.00000    0.00000    0.00000  205.71000    2.00000
 20805004    0.00000    1.14969  300.00000   38.42604    0.00000    0.00000    0.00000  205.71000    2.00000
 20805005    0.00000    1.16523  300.00000   37.80283    0.00000    0.00000    0.00000  205.71000    2.00000
 20805006    0.00000    1.18091  300.00000   37.19609    0.00000    0.00000    0.00000  205.71000    2.00000
 20805007    0.00000    1.19671  300.00000   36.60532    0.00000    0.00000    0.00000  205.71000    2.00000
 20805008    0.00000    1.21264  300.00000   36.03000    0.00000    0.00000    0.00000  205.71000    2.00000
 20805009    0.00000    1.22869  300.00000   35.46966    0.00000    0.00000    0.00000  205.71000    2.00000
 20805010    0.00000    1.24485  300.00000   34.92382    0.00000    0.00000    0.00000  205.71000    2.00000
 20805011    0.00000    1.26112  300.00000   34.39201    0.00000    0.00000    0.00000  205.71000    2.00000
 20805012    0.00000    1.27750  300.00000   33.87379    0.00000    0.00000    0.00000  205.71000    2.00000
 20805013    0.00000    1.29397  300.00000   33.36874    0.00000    0.00000    0.00000  205.71000    2.00000
 20805014    0.00000    1.31055  300.00000   32.87642    0.00000    0.00000    0.00000  205.71000    2.00000
 20805015    0.00000    1.32722  300.00000   32.39644    0.00000    0.00000    0.00000  205.71000    2.00000
 20805016    0.00000    1.34398  300.00000   31.92839    0.00000    0.00000    0.00000  205.71000    2.00000
 20805017    0.00000    1.36083  300.00000   31.47191    0.00000    0.00000    0.00000  205.71000    2.00000
 20805018    0.00000    1.37777  300.00000   31.02662    0.00000    0.00000    0.00000  205.71000    2.00000
 20806001    0.00000    1.10394  300.00000   40.32344    0.00000    0.00000    0.00000  231.42000    2.00000
 20806002    0.00000    1.11906  300.00000   39.64865    0.00000    0.00000    0.00000  231.42000    2.00000
 20806003    0.00000    1.13434  300.00000   38.99193    0.00000    0.00000    0.00000  231.42000    2.00000
 20806004    0.00000    1.14975  300.00000   38.35275    0.00000    0.00000    0.00000  231.42000    2.00000
 20806005    0.00000    1.16531  300.00000   37.73056    0.00000    0.00000    0.00000  231.42000    2.00000
 20806006    0.00000    1.18100  300.00000   37.12482    0.00000    0.00000    0.00000  231.42000    2.00000
 20806007    0.00000    1.19682  300.00000   36.53504    0.00000    0.00000    0.00000  231.42000    2.00000
 20806008    0.00000    1.21276  300.00000   35.96070    0.00000    0.00000    0.00000  231.42000    2.00000
 20806009    0.00000    1.22882  300.00000   35.40132    0.00000    0.00000    0.00000  231.42000    2.00000
 20806010    0.00000    1.24500  300.00000   34.85643    0.00000    0.00000    0.00000  231.42000    2.00000
 20806011    0.00000    1.26128  300.00000   34.32556    0.00000    0.00000    0.00000  231.42000    2.00000
 20806012    0.00000    1.27767  300.00000   33.80826    0.00000    0.00000    0.00000  231.42000    2.00000
 20806013    0.00000    1.29416  300.00000   33.30411    0.00000    0.00000    0.00000  231.42000    2.00000
 20806014    0.00000    1.31075  300.00000   32.81268    0.00000    0.00000    0.00000  231.42000    2.00000
 20806015    0.00000    1.32744  300.00000   32.33358    0.00000    0.00000    0.00000  231.42000    2.00000
 20806016    0.00000    1.34421  300.00000   31.86639    0.00000    0.00000    0.00000  231.42000    2.00000
 20806017    0.00000    1.36107  300.00000   31.41076    0.00000    0.00000    0.00000  231.42000    2.00000
 20806018    0.00000    1.37802  300.00000   30.96630    0.00000    0.00000    0.00000  231.42000    2.00000
 30204001    0.00000    4.81596  300.00000    5.28581    0.00000    0.00000    0.00000    0.00000    2.00000
 30204002    0.00000    4.83396  300.00000    5.18285    0.00000    0.00000    0.00000    0.00000    2.00000
 30204003    0.00000    4.85198  300.00000    5.08068    0.00000    0.00000    0.00000    0.00000    2.00000
 30204004    0.00000    4.87002  300.00000    4.97928    0.00000    0.00000    0.00000    0.00000    2.00000
 30204005    0.00000    4.88807  300.00000    4.87865    0.00000    0.00000    0.00000    0.00000    2.00000
 30204006    0.00000    4.90614  300.00000    4.77878    0.00000    0.00000    0.00000    0.00000    2.00000
 30204007    0.00000    4.92422  300.00000    4.67966    0.00000    0.00000    0.00000    0.00000    2.00000
 30204008    0.00000    4.94232  300.00000    4.58129    0.00000    0.00000    0.00000    0.00000    2.00000
 30204009    0.00000    4.96043  300.00000    4.48367    0.00000    0.00000    0.00000    0.00000    2.00000
 30204010    0.00000    4.97855  300.00000    4.38677    0.00000    0.00000    0.00000    0.00000    2.00000
 30204011    0.00000    4.99669  300.00000    4.29061    0.00000    0.00000    0.00000    0.00000    2.00000
 30204012    0.00000    5.01485  300.00000    4.19517    0.00000    0.00000    0.00000    0.00000    2.00000
 30204013    0.00000    5.03301  300.00000    4.10045    0.00000    0.00000    0.00000    0.00000    2.00000
 30204014    0.00000    5.05120  300.00000    4.00643    0.00000    0.00000    0.00000    0.00000    2.00000
 30204015    0.00000    5.06939  300.00000    3.91313    0.00000    0.00000    0.00000    0.00000    2.00000
 30204016    0.00000    5.08760  300.00000    3.82052    0.00000    0.00000    0.00000    0.00000    2.00000
 30204017    0.00000    5.10582  300.00000    3.72862    0.00000    0.00000    0.00000    0.00000    2.00000
 30204018    0.00000    5.12406  300.00000    3.63740    0.00000    0.00000    0.00000    0.00000    2.00000
 30206001    0.00000    4.81596  300.00000    5.20737    0.00000    0.00000    0.00000  -51.42000    2.00000
 30206002    0.00000    4.83398  300.00000    5.10472    0.00000    0.00000    0.00000  -51.42000    2.00000
 30206003    0.00000    4.85201  300.00000    5.00285    0.00000    0.00000    0.00000  -51.42000    2.00000
 30206004    0.00000    4.87006  300.00000    4.90176    0.00000    0.00000    0.00000  -51.42000    2.00000
 30206005    0.00000    4.88812  300.00000    4.80144    0.00000    0.00000    0.00000  -51.42000    2.00000
 30206006    0.00000    4.90620  300.00000    4.70187    0.00000    0.00000    0.00000  -51.42000    2.00000
 30206007    0.00000    4.92430  300.00000    4.60306    0.00000    0.00000    0.00000  -51.42000    2.00000
 30206008    0.00000    4.94240  300.00000    4.50500    0.00000    0.00000    0.00000  -51.42000    2.00000
 30206009    0.00000    4.96053  300.00000    4.40767    0.00000    0.00000    0.00000  -51.42000    2.00000
 30206010    0.00000    4.97866  300.00000    4.31108    0.00000    0.00000    0.00000  -51.42000    2.00000
 30206011    0.00000    4.99681  300.00000    4.21522    0.00000    0.00000    0.00000  -51.42000    2.00000
 30206012    0.00000    5.01498  300.00000    4.12008    0.00000    0.00000    0.00000  -51.42000    2.00000
 30206013    0.00000    5.03316  300.00000    4.02566    0.00000    0.00000    0.00000  -51.42000    2.00000
 30206014    0.00000    5.05135  300.00000    3.93195    0.00000    0.00000    0.00000  -51.42000    2.00000
 30206015    0.00000    5.06956  300.00000    3.83895    0.00000    0.00000    0.00000  -51.42000    2.00000
 30206016    0.00000    5.08778  300.00000    3.74665    0.00000    0.00000    0.00000  -51.42000    2.00000
 30206017    0.00000    5.10601  300.00000    3.65504    0.00000    0.00000    0.00000  -51.42000    2.00000
 30206018    0.00000    5.12426  300.00000    3.56413    0.00000    0.00000    0.00000  -51.42000    2.00000
 30401001    0.00000    3.59782  300.00000   11.44473    0.00000    0.00000    0.00000   77.13000    2.00000
 30401002    0.00000    3.61577  300.00000   11.30478    0.00000    0.00000    0.00000   77.13000    2.00000
 30401003    0.00000    3.63374  300.00000   11.16622    0.00000    0.00000    0.00000   77.13000    2.00000
 30401004    0.00000    3.65173  300.00000   11.02902    0.00000    0.00000    0.00000   77.13000    2.00000
 30401005    0.00000    3.66975  300.00000   10.89318    0.00000    0.00000    0.00000   77.13000    2.00000
 30401006    0.00000    3.68778  300.00000   10.75866    0.00000    0.00000    0.00000   77.13000    2.00000
 30401007    0.00000    3.70584  300.00000   10.62546    0.00000    0.00000    0.00000   77.13000    2.00000
 30401008    0.00000    3.72392  300.00000   10.49356    0.00000    0.00000    0.00000   77.13000    2.00000
 30401009    0.00000    3.74201  300.00000   10.36293    0.00000    0.00000    0.00000   77.13000    2.00000
 30401010    0.00000    3.76012  300.00000   10.23356    0.00000    0.00000    0.00000   77.13000    2.00000
 30401011    0.00000    3.77826  300.00000   10.10544    0.00000    0.00000    0.00000   77.13000    2.00000
 30401012    0.00000    3.79641  300.00000    9.97855    0.00000    0.00000    0.00000   77.13000    2.00000
 30401013    0.00000    3.81458  300.00000    9.85286    0.00000    0.00000    0.00000   77.13000    2.00000
 30401014    0.00000    3.83277  300.00000    9.72838    0.00000    0.00000    0.00000   77.13000    2.00000
 30401015    0.00000    3.85098  300.00000    9.60507    0.00000    0.00000    0.00000   77.13000    2.00000
 30401016    0.00000    3.86920  300.00000    9.48293    0.00000    0.00000    0.00000   77.13000    2.00000
 30401017    0.00000    3.88744  300.00000    9.36193    0.00000    0.00000    0.00000   77.13000    2.00000
 30401018    0.00000    3.90570  300.00000    9.24207    0.00000    0.00000    0.00000   77.13000    2.00000
 30404001    0.00000    3.59781  300.00000   11.46015    0.00000    0.00000    0.00000    0.00000    2.00000
 30404002    0.00000    3.61576  300.00000   11.32013    0.00000    0.00000    0.00000    0.00000    2.00000
 30404003    0.00000    3.63373  300.00000   11.18149    0.00000    0.00000    0.00000    0.00000    2.00000
 30404004    0.00000    3.65173  300.00000   11.04422    0.00000    0.00000    0.00000    0.00000    2.00000
 30404005    0.00000    3.66974  300.00000   10.90830    0.00000    0.00000    0.00000    0.00000    2.00000
 30404006    0.00000    3.68777  300.00000   10.77371    0.00000    0.00000    0.00000    0.00000    2.00000
 30404007    0.00000    3.70582  300.00000   10.64043    0.00000    0.00000    0.00000    0.00000    2.00000
 30404008    0.00000    3.72390  300.00000   10.50845    0.00000    0.00000    0.00000    0.00000    2.00000
 30404009    0.00000    3.74199  300.00000   10.37775    0.00000    0.00000    0.00000    0.00000    2.00000
 30404010    0.00000    3.76010  300.00000   10.24831    0.00000    0.00000    0.00000    0.00000    2.00000
 30404011    0.00000    3.77823  300.00000   10.12012    0.00000    0.00000    0.00000    0.00000    2.00000
 30404012    0.00000    3.79638  300.00000    9.99315    0.00000    0.00000    0.00000    0.00000    2.00000
 30404013    0.00000    3.81455  300.00000    9.86740    0.00000    0.00000    0.00000    0.00000    2.00000
 30404014    0.00000    3.83274  300.00000    9.74284    0.00000    0.00000    0.00000    0.00000    2.00000
 30404015    0.00000    3.85094  300.00000    9.61946    0.00000    0.00000    0.00000    0.00000    2.00000
 30404016    0.00000    3.86917  300.00000    9.49725    0.00000    0.00000    0.00000    0.00000    2.00000
 30404017    0.00000    3.88740  300.00000    9.37619    0.00000    0.00000    0.00000    0.00000    2.00000
 30404018    0.00000    3.90566  300.00000    9.25626    0.00000    0.00000    0.00000    0.00000    2.00000
 30405001    0.00000    3.59781  300.00000   11.46184    0.00000    0.00000    0.00000  -25.71000    2.00000
 30405002    0.00000    3.61576  300.00000   11.32181    0.00000    0.00000    0.00000  -25.71000    2.00000
 30405003    0.00000    3.63373  300.00000   11.18316    0.00000    0.00000    0.00000  -25.71000    2.00000
 30405004    0.00000    3.65173  300.00000   11.04588    0.00000    0.00000    0.00000  -25.71000    2.00000
 30405005    0.00000    3.66974  300.00000   10.90996    0.00000    0.00000    0.00000  -25.71000    2.00000
 30405006    0.00000    3.68777  300.00000   10.77536    0.00000    0.00000    0.00000  -25.71000    2.00000
 30405007    0.00000    3.70582  300.00000   10.64207    0.00000    0.00000    0.00000  -25.71000    2.00000
 30405008    0.00000    3.72390  300.00000   10.51009    0.00000    0.00000    0.00000  -25.71000    2.00000
 30405009    0.00000    3.74199  300.00000   10.37938    0.00000    0.00000    0.00000  -25.71000    2.00000
 30405010    0.00000    3.76010  300.00000   10.24993    0.00000    0.00000    0.00000  -25.71000    2.00000
 30405011    0.00000    3.77823  300.00000   10.12173    0.00000    0.00000    0.00000  -25.71000    2.00000
 30405012    0.00000    3.79638  300.00000    9.99475    0.00000    0.00000    0.00000  -25.71000    2.00000
 30405013    0.00000    3.81455  300.00000    9.86899    0.00000    0.00000    0.00000  -25.71000    2.00000
 30405014    0.00000    3.83274  300.00000    9.74443    0.00000    0.00000    0.00000  -25.71000    2.00000
 30405015    0.00000    3.85094  300.00000    9.62104    0.00000    0.00000    0.00000  -25.71000    2.00000
 30405016    0.00000    3.86916  300.00000    9.49882    0.00000    0.00000    0.00000  -25.71000    2.00000
 30405017    0.00000    3.88740  300.00000    9.37775    0.00000    0.00000    0.00000  -25.71000    2.00000
 30405018    0.00000    3.90566  300.00000    9.25782    0.00000    0.00000    0.00000  -25.71000    2.00000
 30406001    0.00000    3.59782  300.00000   11.44861    0.00000    0.00000    0.00000  -51.42000    2.00000
 30406002    0.00000    3.61577  300.00000   11.30864    0.00000    0.00000    0.00000  -51.42000    2.00000
 30406003    0.00000    3.63374  300.00000   11.17006    0.00000    0.00000    0.00000  -51.42000    2.00000
 30406004    0.00000    3.65173  300.00000   11.03285    0.00000    0.00000    0.00000  -51.42000    2.00000
 30406005    0.00000    3.66975  300.00000   10.89698    0.00000    0.00000    0.00000  -51.42000    2.00000
 30406006    0.00000    3.68778  300.00000   10.76245    0.00000    0.00000    0.00000  -51.42000    2.00000
 30406007    0.00000    3.70584  300.00000   10.62923    0.00000    0.00000    0.00000  -51.42000    2.00000
 30406008    0.00000    3.72391  300.00000   10.49730    0.00000    0.00000    0.00000  -51.42000    2.00000
 30406009    0.00000    3.74201  300.00000   10.36666    0.00000    0.00000    0.00000  -51.42000    2.00000
 30406010    0.00000    3.76012  300.00000   10.23727    0.00000    0.00000    0.00000  -51.42000    2.00000
 30406011    0.00000    3.77825  300.00000   10.10913    0.00000    0.00000    0.00000  -51.42000    2.00000
 30406012    0.00000    3.79640  300.00000    9.98222    0.00000    0.00000    0.00000  -51.42000    2.00000
 30406013    0.00000    3.81457  300.00000    9.85652    0.00000    0.00000    0.00000  -51.42000    2.00000
 30406014    0.00000    3.83276  300.00000    9.73201    0.00000    0.00000    0.00000  -51.42000    2.00000
 30406015    0.00000    3.85097  300.00000    9.60869    0.00000    0.00000    0.00000  -51.42000    2.00000
 30406016    0.00000    3.86919  300.00000    9.48653    0.00000    0.00000    0.00000  -51.42000    2.00000
 30406017    0.00000    3.88743  300.00000    9.36552    0.00000    0.00000    0.00000  -51.42000    2.00000
 30406018    0.00000    3.90569  300.00000    9.24564    0.00000    0.00000    0.00000  -51.42000    2.00000
 30501001    0.00000    2.80059  300.00000   14.75795    0.00000    0.00000    0.00000   77.13000    2.00000
 30501002    0.00000    2.81850  300.00000   14.57637    0.00000    0.00000    0.00000   77.13000    2.00000
 30501003    0.00000    2.83643  300.00000   14.39708    0.00000    0.00000    0.00000   77.13000    2.00000
 30501004    0.00000    2.85439  300.00000   14.22006    0.00000    0.00000    0.00000   77.13000    2.00000
 30501005    0.00000    2.87238  300.00000   14.04525    0.00000    0.00000    0.00000   77.13000    2.00000
 30501006    0.00000    2.89040  300.00000   13.87262    0.00000    0.00000    0.00000   77.13000    2.00000
 30501007    0.00000    2.90844  300.00000   13.70213    0.00000    0.00000    0.00000   77.13000    2.00000
 30501008    0.00000    2.92650  300.00000   13.53375    0.00000    0.00000    0.00000   77.13000    2.00000
 30501009    0.00000    2.94460  300.00000   13.36744    0.00000    0.00000    0.00000   77.13000    2.00000
 30501010    0.00000    2.96271  300.00000   13.20317    0.00000    0.00000    0.00000   77.13000    2.00000
 30501011    0.00000    2.98085  300.00000   13.04089    0.00000    0.00000    0.00000   77.13000    2.00000
 30501012    0.00000    2.99902  300.00000   12.88059    0.00000    0.00000    0.00000   77.13000    2.00000
 30501013    0.00000    3.01720  300.00000   12.72221    0.00000    0.00000    0.00000   77.13000    2.00000
 30501014    0.00000    3.03541  300.00000   12.56574    0.00000    0.00000    0.00000   77.13000    2.00000
 30501015    0.00000    3.05365  300.00000   12.41114    0.00000    0.00000    0.00000   77.13000    2.00000
 30501016    0.00000    3.07190  300.00000   12.25838    0.00000    0.00000    0.00000   77.13000    2.00000
 30501017    0.00000    3.09018  300.00000   12.10742    0.00000    0.00000    0.00000   77.13000    2.00000
 30501018    0.00000    3.10847  300.00000   11.95825    0.00000    0.00000    0.00000   77.13000    2.00000
 30504001    0.00000    2.80059  300.00000   14.74303    0.00000    0.00000    0.00000    0.00000    2.00000
 30504002    0.00000    2.81850  300.00000   14.56155    0.00000    0.00000    0.00000    0.00000    2.00000
 30504003    0.00000    2.83644  300.00000   14.38236    0.00000    0.00000    0.00000    0.00000    2.00000
 30504004    0.00000    2.85440  300.00000   14.20542    0.00000    0.00000    0.00000    0.00000    2.00000
 30504005    0.00000    2.87239  300.00000   14.03071    0.00000    0.00000    0.00000    0.00000    2.00000
 30504006    0.00000    2.89041  300.00000   13.85817    0.00000    0.00000    0.00000    0.00000    2.00000
 30504007    0.00000    2.90845  300.00000   13.68778    0.00000    0.00000    0.00000    0.00000    2.00000
 30504008    0.00000    2.92652  300.00000   13.51949    0.00000    0.00000    0.00000    0.00000    2.00000
 30504009    0.00000    2.94462  300.00000   13.35327    0.00000    0.00000    0.00000    0.00000    2.00000
 30504010    0.00000    2.96273  300.00000   13.18908    0.00000    0.00000    0.00000    0.00000    2.00000
 30504011    0.00000    2.98088  300.00000   13.02689    0.00000    0.00000    0.00000    0.00000    2.00000
 30504012    0.00000    2.99904  300.00000   12.86667    0.00000    0.00000    0.00000    0.00000    2.00000
 30504013    0.00000    3.01723  300.00000   12.70838    0.00000    0.00000    0.00000    0.00000    2.00000
 30504014    0.00000    3.03544  300.00000   12.55200    0.00000    0.00000    0.00000    0.00000    2.00000
 30504015    0.00000    3.05368  300.00000   12.39748    0.00000    0.00000    0.00000    0.00000    2.00000
 30504016    0.00000    3.07193  300.00000   12.24480    0.00000    0.00000    0.00000    0.00000    2.00000
 30504017    0.00000    3.09021  300.00000   12.09393    0.00000    0.00000    0.00000    0.00000    2.00000
 30504018    0.00000    3.10851  300.00000   11.94483    0.00000    0.00000    0.00000    0.00000    2.00000
 30505001    0.00000    2.80058  300.00000   14.83839    0.00000    0.00000    0.00000  -25.71000    2.00000
 30505002    0.00000    2.81848  300.00000   14.65630    0.00000    0.00000    0.00000  -25.71000    2.00000
 30505003    0.00000    2.83640  300.00000   14.47650    0.00000    0.00000    0.00000  -25.71000    2.00000
 30505004    0.00000    2.85435  300.00000   14.29897    0.00000    0.00000    0.00000  -25.71000    2.00000
 30505005    0.00000    2.87233  300.00000   14.12367    0.00000    0.00000    0.00000  -25.71000    2.00000
 30505006    0.00000    2.89033  300.00000   13.95054    0.00000    0.00000    0.00000  -25.71000    2.00000
 30505007    0.00000    2.90836  300.00000   13.77957    0.00000    0.00000    0.00000  -25.71000    2.00000
 30505008    0.00000    2.92641  300.00000   13.61070    0.00000    0.00000    0.00000  -25.71000    2.00000
 30505009    0.00000    2.94449  300.00000   13.44391    0.00000    0.00000    0.00000  -25.71000    2.00000
 30505010    0.00000    2.96260  300.00000   13.27916    0.00000    0.00000    0.00000  -25.71000    2.00000
 30505011    0.00000    2.98073  300.00000   13.11642    0.00000    0.00000    0.00000  -25.71000    2.00000
 30505012    0.00000    2.99888  300.00000   12.95564    0.00000    0.00000    0.00000  -25.71000    2.00000
 30505013    0.00000    3.01706  300.00000   12.79681    0.00000    0.00000    0.00000  -25.71000    2.00000
 30505014    0.00000    3.03526  300.00000   12.63988    0.00000    0.00000    0.00000  -25.71000    2.00000
 30505015    0.00000    3.05348  300.00000   12.48482    0.00000    0.00000    0.00000  -25.71000    2.00000
 30505016    0.00000    3.07172  300.00000   12.33161    0.00000    0.00000    0.00000  -25.71000    2.00000
 30505017    0.00000    3.08999  300.00000   12.18021    0.00000    0.00000    0.00000  -25.71000    2.00000
 30505018    0.00000    3.10827  300.00000   12.03060    0.00000    0.00000    0.00000  -25.71000    2.00000
 30506001    0.00000    2.80059  300.00000   14.77018    0.00000    0.00000    0.00000  -51.42000    2.00000
 30506002    0.00000    2.81849  300.00000   14.58852    0.00000    0.00000    0.00000  -51.42000    2.00000
 30506003    0.00000    2.83643  300.00000   14.40916    0.00000    0.00000    0.00000  -51.42000    2.00000
 30506004    0.00000    2.85439  300.00000   14.23205    0.00000    0.00000    0.00000  -51.42000    2.00000
 30506005    0.00000    2.87237  300.00000   14.05717    0.00000    0.00000    0.00000  -51.42000    2.00000
 30506006    0.00000    2.89039  300.00000   13.88447    0.00000    0.00000    0.00000  -51.42000    2.00000
 30506007    0.00000    2.90843  300.00000   13.71391    0.00000    0.00000    0.00000  -51.42000    2.00000
 30506008    0.00000    2.92649  300.00000   13.54545    0.00000    0.00000    0.00000  -51.42000    2.00000
 30506009    0.00000    2.94458  300.00000   13.37907    0.00000    0.00000    0.00000  -51.42000    2.00000
 30506010    0.00000    2.96270  300.00000   13.21472    0.00000    0.00000    0.00000  -51.42000    2.00000
 30506011    0.00000    2.98083  300.00000   13.05238    0.00000    0.00000    0.00000  -51.42000    2.00000
 30506012    0.00000    2.99900  300.00000   12.89200    0.00000    0.00000    0.00000  -51.42000    2.00000
 30506013    0.00000    3.01718  300.00000   12.73355    0.00000    0.00000    0.00000  -51.42000    2.00000
 30506014    0.00000    3.03539  300.00000   12.57701    0.00000    0.00000    0.00000  -51.42000    2.00000
 30506015    0.00000    3.05362  300.00000   12.42234    0.00000    0.00000    0.00000  -51.42000    2.00000
 30506016    0.00000    3.07187  300.00000   12.26951    0.00000    0.00000    0.00000  -51.42000    2.00000
 30506017    0.00000    3.09015  300.00000   12.11849    0.00000    0.00000    0.00000  -51.42000    2.00000
 30506018    0.00000    3.10844  300.00000   11.96925    0.00000    0.00000    0.00000  -51.42000    2.00000
 30601001    0.00000    1.93381  300.00000   22.31330    0.00000    0.00000    0.00000   77.13000    2.00000
 30601002    0.00000    1.95158  300.00000   22.04217    0.00000    0.00000    0.00000   77.13000    2.00000
 30601003    0.00000    1.96938  300.00000   21.77593    0.00000    0.00000    0.00000   77.13000    2.00000
 30601004    0.00000    1.98723  300.00000   21.51447    0.00000    0.00000    0.00000   77.13000    2.00000
 30601005    0.00000    2.00511  300.00000   21.25767    0.00000    0.00000    0.00000   77.13000    2.00000
 30601006    0.00000    2.02304  300.00000   21.00542    0.00000    0.00000    0.00000   77.13000    2.00000
 30601007    0.00000    2.04100  300.00000   20.75760    0.00000    0.00000    0.00000   77.13000    2.00000
 30601008    0.00000    2.05901  300.00000   20.51411    0.00000    0.00000    0.00000   77.13000    2.00000
 30601009    0.00000    2.07705  300.00000   20.27485    0.00000    0.00000    0.00000   77.13000    2.00000
 30601010    0.00000    2.09512  300.00000   20.03971    0.00000    0.00000    0.00000   77.13000    2.00000
 30601011    0.00000    2.11323  300.00000   19.80860    0.00000    0.00000    0.00000   77.13000    2.00000
 30601012    0.00000    2.13137  300.00000   19.58142    0.00000    0.00000    0.00000   77.13000    2.00000
 30601013    0.00000    2.14955  300.00000   19.35808    0.00000    0.00000    0.00000   77.13000    2.00000
 30601014    0.00000    2.16776  300.00000   19.13849    0.00000    0.00000    0.00000   77.13000    2.00000
 30601015    0.00000    2.18600  300.00000   18.92257    0.00000    0.00000    0.00000   77.13000    2.00000
 30601016    0.00000    2.20427  300.00000   18.71021    0.00000    0.00000    0.00000   77.13000    2.00000
 30601017    0.00000    2.22257  300.00000   18.50136    0.00000    0.00000    0.00000   77.13000    2.00000
 30601018    0.00000    2.24090  300.00000   18.29591    0.00000    0.00000    0.00000   77.13000    2.00000
 30603001    0.00000    1.93382  300.00000   22.24448    0.00000    0.00000    0.00000   25.71000    2.00000
 30603002    0.00000    1.95159  300.00000   21.97398    0.00000    0.00000    0.00000   25.71000    2.00000
 30603003    0.00000    1.96941  300.00000   21.70836    0.00000    0.00000    0.00000   25.71000    2.00000
 30603004    0.00000    1.98726  300.00000   21.44751    0.00000    0.00000    0.00000   25.71000    2.00000
 30603005    0.00000    2.00516  300.00000   21.19131    0.00000    0.00000    0.00000   25.71000    2.00000
 30603006    0.00000    2.02310  300.00000   20.93966    0.00000    0.00000    0.00000   25.71000    2.00000
 30603007    0.00000    2.04107  300.00000   20.69243    0.00000    0.00000    0.00000   25.71000    2.00000
 30603008    0.00000    2.05909  300.00000   20.44952    0.00000    0.00000    0.00000   25.71000    2.00000
 30603009    0.00000    2.07713  300.00000   20.21083    0.00000    0.00000    0.00000   25.71000    2.00000
 30603010    0.00000    2.09522  300.00000   19.97625    0.00000    0.00000    0.00000   25.71000    2.00000
 30603011    0.00000    2.11334  300.00000   19.74570    0.00000    0.00000    0.00000   25.71000    2.00000
 30603012    0.00000    2.13149  300.00000   19.51907    0.00000    0.00000    0.00000   25.71000    2.00000
 30603013    0.00000    2.14967  300.00000   19.29627    0.00000    0.00000    0.00000   25.71000    2.00000
 30603014    0.00000    2.16789  300.00000   19.07721    0.00000    0.00000    0.00000   25.71000    2.00000
 30603015    0.00000    2.18614  300.00000   18.86181    0.00000    0.00000    0.00000   25.71000    2.00000
 30603016    0.00000    2.20442  300.00000   18.64998    0.00000    0.00000    0.00000   25.71000    2.00000
 30603017    0.00000    2.22273  300.00000   18.44163    0.00000    0.00000    0.00000   25.71000    2.00000
 30603018    0.00000    2.24106  300.00000   18.23669    0.00000    0.00000    0.00000   25.71000    2.00000
 30604001    0.00000    1.93383  300.00000   22.15928    0.00000    0.00000    0.00000    0.00000    2.00000
 30604002    0.00000    1.95161  300.00000   21.88955    0.00000    0.00000    0.00000    0.00000    2.00000
 30604003    0.00000    1.96944  300.00000   21.62470    0.00000    0.00000    0.00000    0.00000    2.00000
 30604004    0.00000    1.98731  300.00000   21.36461    0.00000    0.00000    0.00000    0.00000    2.00000
 30604005    0.00000    2.00522  300.00000   21.10916    0.00000    0.00000    0.00000    0.00000    2.00000
 30604006    0.00000    2.02317  300.00000   20.85824    0.00000    0.00000    0.00000    0.00000    2.00000
 30604007    0.00000    2.04116  300.00000   20.61174    0.00000    0.00000    0.00000    0.00000    2.00000
 30604008    0.00000    2.05918  300.00000   20.36955    0.00000    0.00000    0.00000    0.00000    2.00000
 30604009    0.00000    2.07724  300.00000   20.13157    0.00000    0.00000    0.00000    0.00000    2.00000
 30604010    0.00000    2.09534  300.00000   19.89769    0.00000    0.00000    0.00000    0.00000    2.00000
 30604011    0.00000    2.11347  300.00000   19.66782    0.00000    0.00000    0.00000    0.00000    2.00000
 30604012    0.00000    2.13163  300.00000   19.44187    0.00000    0.00000    0.00000    0.00000    2.00000
 30604013    0.00000    2.14983  300.00000   19.21974    0.00000    0.00000    0.00000    0.00000    2.00000
 30604014    0.00000    2.16806  300.00000   19.00135    0.00000    0.00000    0.00000    0.00000    2.00000
 30604015    0.00000    2.18632  300.00000   18.78659    0.00000    0.00000    0.00000    0.00000    2.00000
 30604016    0.00000    2.20461  300.00000   18.57540    0.00000    0.00000    0.00000    0.00000    2.00000
 30604017    0.00000    2.22292  300.00000   18.36769    0.00000    0.00000    0.00000    0.00000    2.00000
 30604018    0.00000    2.24127  300.00000   18.16338    0.00000    0.00000    0.00000    0.00000    2.00000
 30605001    0.00000    1.93383  300.00000   22.09274    0.00000    0.00000    0.00000  -25.71000    2.00000
 30605002    0.00000    1.95163  300.00000   21.82362    0.00000    0.00000    0.00000  -25.71000    2.00000
 30605003    0.00000    1.96947  300.00000   21.55938    0.00000    0.00000    0.00000  -25.71000    2.00000
 30605004    0.00000    1.98735  300.00000   21.29988    0.00000    0.00000    0.00000  -25.71000    2.00000
 30605005    0.00000    2.00527  300.00000   21.04501    0.00000    0.00000    0.00000  -25.71000    2.00000
 30605006    0.00000    2.02323  300.00000   20.79467    0.00000    0.00000    0.00000  -25.71000    2.00000
 30605007    0.00000    2.04122  300.00000   20.54874    0.00000    0.00000    0.00000  -25.71000    2.00000
 30605008    0.00000    2.05926  300.00000   20.30711    0.00000    0.00000    0.00000  -25.71000    2.00000
 30605009    0.00000    2.07733  300.00000   20.06968    0.00000    0.00000    0.00000  -25.71000    2.00000
 30605010    0.00000    2.09543  300.00000   19.83634    0.00000    0.00000    0.00000  -25.71000    2.00000
 30605011    0.00000    2.11357  300.00000   19.60702    0.00000    0.00000    0.00000  -25.71000    2.00000
 30605012    0.00000    2.13174  300.00000   19.38159    0.00000    0.00000    0.00000  -25.71000    2.00000
 30605013    0.00000    2.14995  300.00000   19.15999    0.00000    0.00000    0.00000  -25.71000    2.00000
 30605014    0.00000    2.16819  300.00000   18.94211    0.00000    0.00000    0.00000  -25.71000    2.00000
 30605015    0.00000    2.18645  300.00000   18.72786    0.00000    0.00000    0.00000  -25.71000    2.00000
 30605016    0.00000    2.20475  300.00000   18.51717    0.00000    0.00000    0.00000  -25.71000    2.00000
 30605017    0.00000    2.22308  300.00000   18.30996    0.00000    0.00000    0.00000  -25.71000    2.00000
 30605018    0.00000    2.24143  300.00000   18.10613    0.00000    0.00000    0.00000  -25.71000    2.00000
 30606001    0.00000    1.93383  300.00000   22.07308    0.00000    0.00000    0.00000  -51.42000    2.00000
 30606002    0.00000    1.95163  300.00000   21.80414    0.00000    0.00000    0.00000  -51.42000    2.00000
 30606003    0.00000    1.96947  300.00000   21.54007    0.00000    0.00000    0.00000  -51.42000    2.00000
 30606004    0.00000    1.98736  300.00000   21.28075    0.00000    0.00000    0.00000  -51.42000    2.00000
 30606005    0.00000    2.00528  300.00000   21.02606    0.00000    0.00000    0.00000  -51.42000    2.00000
 30606006    0.00000    2.02324  300.00000   20.77588    0.00000    0.00000    0.00000  -51.42000    2.00000
 30606007    0.00000    2.04124  300.00000   20.53012    0.00000    0.00000    0.00000  -51.42000    2.00000
 30606008    0.00000    2.05928  300.00000   20.28865    0.00000    0.00000    0.00000  -51.42000    2.00000
 30606009    0.00000    2.07735  300.00000   20.05139    0.00000    0.00000    0.00000  -51.42000    2.00000
 30606010    0.00000    2.09546  300.00000   19.81822    0.00000    0.00000    0.00000  -51.42000    2.00000
 30606011    0.00000    2.11360  300.00000   19.58905    0.00000    0.00000    0.00000  -51.42000    2.00000
 30606012    0.00000    2.13178  300.00000   19.36378    0.00000    0.00000    0.00000  -51.42000    2.00000
 30606013    0.00000    2.14999  300.00000   19.14233    0.00000    0.00000    0.00000  -51.42000    2.00000
 30606014    0.00000    2.16822  300.00000   18.92460    0.00000    0.00000    0.00000  -51.42000    2.00000
 30606015    0.00000    2.18649  300.00000   18.71051    0.00000    0.00000    0.00000  -51.42000    2.00000
 30606016    0.00000    2.20479  300.00000   18.49997    0.00000    0.00000    0.00000  -51.42000    2.00000
 30606017    0.00000    2.22312  300.00000   18.29289    0.00000    0.00000    0.00000  -51.42000    2.00000
 30606018    0.00000    2.24148  300.00000   18.08921    0.00000    0.00000    0.00000  -51.42000    2.00000
 30701001    0.00000    1.52193  300.00000   29.15449    0.00000    0.00000    0.00000   77.13000    2.00000
 30701002    0.00000    1.53957  300.00000   28.80212    0.00000    0.00000    0.00000   77.13000    2.00000
 30701003    0.00000    1.55728  300.00000   28.45775    0.00000    0.00000    0.00000   77.13000    2.00000
 30701004    0.00000    1.57503  300.00000   28.12113    0.00000    0.00000    0.00000   77.13000    2.00000
 30701005    0.00000    1.59284  300.00000   27.79203    0.00000    0.00000    0.00000   77.13000    2.00000
 30701006    0.00000    1.61071  300.00000   27.47021    0.00000    0.00000    0.00000   77.13000    2.00000
 30701007    0.00000    1.62862  300.00000   27.15547    0.00000    0.00000    0.00000   77.13000    2.00000
 30701008    0.00000    1.64658  300.00000   26.84758    0.00000    0.00000    0.00000   77.13000    2.00000
 30701009    0.00000    1.66459  300.00000   26.54634    0.00000    0.00000    0.00000   77.13000    2.00000
 30701010    0.00000    1.68264  300.00000   26.25156    0.00000    0.00000    0.00000   77.13000    2.00000
 30701011    0.00000    1.70073  300.00000   25.96305    0.00000    0.00000    0.00000   77.13000    2.00000
 30701012    0.00000    1.71887  300.00000   25.68061    0.00000    0.00000    0.00000   77.13000    2.00000
 30701013    0.00000    1.73705  300.00000   25.40409    0.00000    0.00000    0.00000   77.13000    2.00000
 30701014    0.00000    1.75527  300.00000   25.13329    0.00000    0.00000    0.00000   77.13000    2.00000
 30701015    0.00000    1.77352  300.00000   24.86807    0.00000    0.00000    0.00000   77.13000    2.00000
 30701016    0.00000    1.79182  300.00000   24.60825    0.00000    0.00000    0.00000   77.13000    2.00000
 30701017    0.00000    1.81015  300.00000   24.35369    0.00000    0.00000    0.00000   77.13000    2.00000
 30701018    0.00000    1.82851  300.00000   24.10424    0.00000    0.00000    0.00000   77.13000    2.00000
 30703001    0.00000    1.52194  300.00000   29.02247    0.00000    0.00000    0.00000   25.71000    2.00000
 30703002    0.00000    1.53961  300.00000   28.67161    0.00000    0.00000    0.00000   25.71000    2.00000
 30703003    0.00000    1.55733  300.00000   28.32873    0.00000    0.00000    0.00000   25.71000    2.00000
 30703004    0.00000    1.57511  300.00000   27.99358    0.00000    0.00000    0.00000   25.71000    2.00000
 30703005    0.00000    1.59294  300.00000   27.66592    0.00000    0.00000    0.00000   25.71000    2.00000
 30703006    0.00000    1.61082  300.00000   27.34553    0.00000    0.00000    0.00000   25.71000    2.00000
 30703007    0.00000    1.62875  300.00000   27.03218    0.00000    0.00000    0.00000   25.71000    2.00000
 30703008    0.00000    1.64673  300.00000   26.72566    0.00000    0.00000    0.00000   25.71000    2.00000
 30703009    0.00000    1.66476  300.00000   26.42578    0.00000    0.00000    0.00000   25.71000    2.00000
 30703010    0.00000    1.68283  300.00000   26.13232    0.00000    0.00000    0.00000   25.71000    2.00000
 30703011    0.00000    1.70094  300.00000   25.84511    0.00000    0.00000    0.00000   25.71000    2.00000
 30703012    0.00000    1.71909  300.00000   25.56396    0.00000    0.00000    0.00000   25.71000    2.00000
 30703013    0.00000    1.73729  300.00000   25.28868    0.00000    0.00000    0.00000   25.71000    2.00000
 30703014    0.00000    1.75552  300.00000   25.01913    0.00000    0.00000    0.00000   25.71000    2.00000
 30703015    0.00000    1.77379  300.00000   24.75512    0.00000    0.00000    0.00000   25.71000    2.00000
 30703016    0.00000    1.79210  300.00000   24.49650    0.00000    0.00000    0.00000   25.71000    2.00000
 30703017    0.00000    1.81045  300.00000   24.24311    0.00000    0.00000    0.00000   25.71000    2.00000
 30703018    0.00000    1.82883  300.00000   23.99481    0.00000    0.00000    0.00000   25.71000    2.00000
 30704001    0.00000    1.52194  300.00000   28.94183    0.00000    0.00000    0.00000    0.00000    2.00000
 30704002    0.00000    1.53963  300.00000   28.59190    0.00000    0.00000    0.00000    0.00000    2.00000
 30704003    0.00000    1.55736  300.00000   28.24993    0.00000    0.00000    0.00000    0.00000    2.00000
 30704004    0.00000    1.57515  300.00000   27.91568    0.00000    0.00000    0.00000    0.00000    2.00000
 30704005    0.00000    1.59300  300.00000   27.58890    0.00000    0.00000    0.00000    0.00000    2.00000
 30704006    0.00000    1.61089  300.00000   27.26938    0.00000    0.00000    0.00000    0.00000    2.00000
 30704007    0.00000    1.62883  300.00000   26.95688    0.00000    0.00000    0.00000    0.00000    2.00000
 30704008    0.00000    1.64682  300.00000   26.65120    0.00000    0.00000    0.00000    0.00000    2.00000
 30704009    0.00000    1.66486  300.00000   26.35214    0.00000    0.00000    0.00000    0.00000    2.00000
 30704010    0.00000    1.68294  300.00000   26.05949    0.00000    0.00000    0.00000    0.00000    2.00000
 30704011    0.00000    1.70106  300.00000   25.77308    0.00000    0.00000    0.00000    0.00000    2.00000
 30704012    0.00000    1.71923  300.00000   25.49271    0.00000    0.00000    0.00000    0.00000    2.00000
 30704013    0.00000    1.73743  300.00000   25.21820    0.00000    0.00000    0.00000    0.00000    2.00000
 30704014    0.00000    1.75568  300.00000   24.94940    0.00000    0.00000    0.00000    0.00000    2.00000
 30704015    0.00000    1.77396  300.00000   24.68613    0.00000    0.00000    0.00000    0.00000    2.00000
 30704016    0.00000    1.79228  300.00000   24.42824    0.00000    0.00000    0.00000    0.00000    2.00000
 30704017    0.00000    1.81063  300.00000   24.17557    0.00000    0.00000    0.00000    0.00000    2.00000
 30704018    0.00000    1.82902  300.00000   23.92798    0.00000    0.00000    0.00000    0.00000    2.00000
 30705001    0.00000    1.52195  300.00000   28.84264    0.00000    0.00000    0.00000  -25.71000    2.00000
 30705002    0.00000    1.53965  300.00000   28.49385    0.00000    0.00000    0.00000  -25.71000    2.00000
 30705003    0.00000    1.55740  300.00000   28.15301    0.00000    0.00000    0.00000  -25.71000    2.00000
 30705004    0.00000    1.57521  300.00000   27.81986    0.00000    0.00000    0.00000  -25.71000    2.00000
 30705005    0.00000    1.59307  300.00000   27.49417    0.00000    0.00000    0.00000  -25.71000    2.00000
 30705006    0.00000    1.61097  300.00000   27.17571    0.00000    0.00000    0.00000  -25.71000    2.00000
 30705007    0.00000    1.62893  300.00000   26.86427    0.00000    0.00000    0.00000  -25.71000    2.00000
 30705008    0.00000    1.64694  300.00000   26.55962    0.00000    0.00000    0.00000  -25.71000    2.00000
 30705009    0.00000    1.66499  300.00000   26.26157    0.00000    0.00000    0.00000  -25.71000    2.00000
 30705010    0.00000    1.68308  300.00000   25.96992    0.00000    0.00000    0.00000  -25.71000    2.00000
 30705011    0.00000    1.70122  300.00000   25.68448    0.00000    0.00000    0.00000  -25.71000    2.00000
 30705012    0.00000    1.71939  300.00000   25.40508    0.00000    0.00000    0.00000  -25.71000    2.00000
 30705013    0.00000    1.73761  300.00000   25.13152    0.00000    0.00000    0.00000  -25.71000    2.00000
 30705014    0.00000    1.75587  300.00000   24.86365    0.00000    0.00000    0.00000  -25.71000    2.00000
 30705015    0.00000    1.77416  300.00000   24.60129    0.00000    0.00000    0.00000  -25.71000    2.00000
 30705016    0.00000    1.79249  300.00000   24.34430    0.00000    0.00000    0.00000  -25.71000    2.00000
 30705017    0.00000    1.81086  300.00000   24.09251    0.00000    0.00000    0.00000  -25.71000    2.00000
 30705018    0.00000    1.82926  300.00000   23.84578    0.00000    0.00000    0.00000  -25.71000    2.00000
 30706001    0.00000    1.52195  300.00000   28.87338    0.00000    0.00000    0.00000  -51.42000    2.00000
 30706002    0.00000    1.53964  300.00000   28.52425    0.00000    0.00000    0.00000  -51.42000    2.00000
 30706003    0.00000    1.55739  300.00000   28.18306    0.00000    0.00000    0.00000  -51.42000    2.00000
 30706004    0.00000    1.57519  300.00000   27.84957    0.00000    0.00000    0.00000  -51.42000    2.00000
 30706005    0.00000    1.59304  300.00000   27.52354    0.00000    0.00000    0.00000  -51.42000    2.00000
 30706006    0.00000    1.61095  300.00000   27.20475    0.00000    0.00000    0.00000  -51.42000    2.00000
 30706007    0.00000    1.62890  300.00000   26.89298    0.00000    0.00000    0.00000  -51.42000    2.00000
 30706008    0.00000    1.64690  300.00000   26.58801    0.00000    0.00000    0.00000  -51.42000    2.00000
 30706009    0.00000    1.66495  300.00000   26.28965    0.00000    0.00000    0.00000  -51.42000    2.00000
 30706010    0.00000    1.68304  300.00000   25.99769    0.00000    0.00000    0.00000  -51.42000    2.00000
 30706011    0.00000    1.70117  300.00000   25.71195    0.00000    0.00000    0.00000  -51.42000    2.00000
 30706012    0.00000    1.71934  300.00000   25.43224    0.00000    0.00000    0.00000  -51.42000    2.00000
 30706013    0.00000    1.73756  300.00000   25.15839    0.00000    0.00000    0.00000  -51.42000    2.00000
 30706014    0.00000    1.75581  300.00000   24.89023    0.00000    0.00000    0.00000  -51.42000    2.00000
 30706015    0.00000    1.77410  300.00000   24.62759    0.00000    0.00000    0.00000  -51.42000    2.00000
 30706016    0.00000    1.79243  300.00000   24.37032    0.00000    0.00000    0.00000  -51.42000    2.00000
 30706017    0.00000    1.81079  300.00000   24.11826    0.00000    0.00000    0.00000  -51.42000    2.00000
 30706018    0.00000    1.82919  300.00000   23.87126    0.00000    0.00000    0.00000  -51.42000    2.00000
 30801001    0.00000    1.10393  300.00000   40.44442    0.00000    0.00000    0.00000   77.13000    2.00000
 30801002    0.00000    1.11902  300.00000   39.76797    0.00000    0.00000    0.00000   77.13000    2.00000
 30801003    0.00000    1.13427  300.00000   39.10962    0.00000    0.00000    0.00000   77.13000    2.00000
 30801004    0.00000    1.14966  300.00000   38.46881    0.00000    0.00000    0.00000   77.13000    2.00000
 30801005    0.00000    1.16519  300.00000   37.84501    0.00000    0.00000    0.00000   77.13000    2.00000
 30801006    0.00000    1.18086  300.00000   37.23769    0.00000    0.00000    0.00000   77.13000    2.00000
 30801007    0.00000    1.19665  300.00000   36.64634    0.00000    0.00000    0.00000   77.13000    2.00000
 30801008    0.00000    1.21257  300.00000   36.07046    0.00000    0.00000    0.00000   77.13000    2.00000
 30801009    0.00000    1.22861  300.00000   35.50955    0.00000    0.00000    0.00000   77.13000    2.00000
 30801010    0.00000    1.24476  300.00000   34.96315    0.00000    0.00000    0.00000   77.13000    2.00000
 30801011    0.00000    1.26102  300.00000   34.43080    0.00000    0.00000    0.00000   77.13000    2.00000
 30801012    0.00000    1.27739  300.00000   33.91205    0.00000    0.00000    0.00000   77.13000    2.00000
 30801013    0.00000    1.29386  300.00000   33.40646    0.00000    0.00000    0.00000   77.13000    2.00000
 30801014    0.00000    1.31043  300.00000   32.91362    0.00000    0.00000    0.00000   77.13000    2.00000
 30801015    0.00000    1.32710  300.00000   32.43313    0.00000    0.00000    0.00000   77.13000    2.00000
 30801016    0.00000    1.34385  300.00000   31.96458    0.00000    0.00000    0.00000   77.13000    2.00000
 30801017    0.00000    1.36070  300.00000   31.50760    0.00000    0.00000    0.00000   77.13000    2.00000
 30801018    0.00000    1.37762  300.00000   31.06183    0.00000    0.00000    0.00000   77.13000    2.00000
 30803001    0.00000    1.10395  300.00000   40.28669    0.00000    0.00000    0.00000   25.71000    2.00000
 30803002    0.00000    1.11908  300.00000   39.61239    0.00000    0.00000    0.00000   25.71000    2.00000
 30803003    0.00000    1.13436  300.00000   38.95618    0.00000    0.00000    0.00000   25.71000    2.00000
 30803004    0.00000    1.14978  300.00000   38.31749    0.00000    0.00000    0.00000   25.71000    2.00000
 30803005    0.00000    1.16535  300.00000   37.69578    0.00000    0.00000    0.00000   25.71000    2.00000
 30803006    0.00000    1.18104  300.00000   37.09053    0.00000    0.00000    0.00000   25.71000    2.00000
 30803007    0.00000    1.19687  300.00000   36.50122    0.00000    0.00000    0.00000   25.71000    2.00000
 30803008    0.00000    1.21282  300.00000   35.92736    0.00000    0.00000    0.00000   25.71000    2.00000
 30803009    0.00000    1.22889  300.00000   35.36844    0.00000    0.00000    0.00000   25.71000    2.00000
 30803010    0.00000    1.24507  300.00000   34.82400    0.00000    0.00000    0.00000   25.71000    2.00000
 30803011    0.00000    1.26136  300.00000   34.29358    0.00000    0.00000    0.00000   25.71000    2.00000
 30803012    0.00000    1.27776  300.00000   33.77673    0.00000    0.00000    0.00000   25.71000    2.00000
 30803013    0.00000    1.29425  300.00000   33.27302    0.00000    0.00000    0.00000   25.71000    2.00000
 30803014    0.00000    1.31085  300.00000   32.78202    0.00000    0.00000    0.00000   25.71000    2.00000
 30803015    0.00000    1.32754  300.00000   32.30333    0.00000    0.00000    0.00000   25.71000    2.00000
 30803016    0.00000    1.34432  300.00000   31.83656    0.00000    0.00000    0.00000   25.71000    2.00000
 30803017    0.00000    1.36119  300.00000   31.38133    0.00000    0.00000    0.00000   25.71000    2.00000
 30803018    0.00000    1.37814  300.00000   30.93727    0.00000    0.00000    0.00000   25.71000    2.00000
 30804001    0.00000    1.10397  300.00000   40.10667    0.00000    0.00000    0.00000    0.00000    2.00000
 30804002    0.00000    1.11914  300.00000   39.43484    0.00000    0.00000    0.00000    0.00000    2.00000
 30804003    0.00000    1.13446  300.00000   38.78107    0.00000    0.00000    0.00000    0.00000    2.00000
 30804004    0.00000    1.14992  300.00000   38.14479    0.00000    0.00000    0.00000    0.00000    2.00000
 30804005    0.00000    1.16552  300.00000   37.52548    0.00000    0.00000    0.00000    0.00000    2.00000
 30804006    0.00000    1.18126  300.00000   36.92260    0.00000    0.00000    0.00000    0.00000    2.00000
 30804007    0.00000    1.19712  300.00000   36.33563    0.00000    0.00000    0.00000    0.00000    2.00000
 30804008    0.00000    1.21310  300.00000   35.76407    0.00000    0.00000    0.00000    0.00000    2.00000
 30804009    0.00000    1.22920  300.00000   35.20743    0.00000    0.00000    0.00000    0.00000    2.00000
 30804010    0.00000    1.24542  300.00000   34.66523    0.00000    0.00000    0.00000    0.00000    2.00000
 30804011    0.00000    1.26174  300.00000   34.13701    0.00000    0.00000    0.00000    0.00000    2.00000
 30804012    0.00000    1.27817  300.00000   33.62233    0.00000    0.00000    0.00000    0.00000    2.00000
 30804013    0.00000    1.29470  300.00000   33.12075    0.00000    0.00000    0.00000    0.00000    2.00000
 30804014    0.00000    1.31132  300.00000   32.63186    0.00000    0.00000    0.00000    0.00000    2.00000
 30804015    0.00000    1.32804  300.00000   32.15523    0.00000    0.00000    0.00000    0.00000    2.00000
 30804016    0.00000    1.34485  300.00000   31.69049    0.00000    0.00000    0.00000    0.00000    2.00000
 30804017    0.00000    1.36174  300.00000   31.23726    0.00000    0.00000    0.00000    0.00000    2.00000
 30804018    0.00000    1.37872  300.00000   30.79515    0.00000    0.00000    0.00000    0.00000    2.00000
 30805001    0.00000    1.10397  300.00000   40.07289    0.00000    0.00000    0.00000  -25.71000    2.00000
 30805002    0.00000    1.11915  300.00000   39.40152    0.00000    0.00000    0.00000  -25.71000    2.00000
 30805003    0.00000    1.13448  300.00000   38.74821    0.00000    0.00000    0.00000  -25.71000    2.00000
 30805004    0.00000    1.14995  300.00000   38.11239    0.00000    0.00000    0.00000  -25.71000    2.00000
 30805005    0.00000    1.16556  300.00000   37.49353    0.00000    0.00000    0.00000  -25.71000    2.00000
 30805006    0.00000    1.18130  300.00000   36.89109    0.00000    0.00000    0.00000  -25.71000    2.00000
 30805007    0.00000    1.19717  300.00000   36.30455    0.00000    0.00000    0.00000  -25.71000    2.00000
 30805008    0.00000    1.21316  300.00000   35.73343    0.00000    0.00000    0.00000  -25.71000    2.00000
 30805009    0.00000    1.22926  300.00000   35.17721    0.00000    0.00000    0.00000  -25.71000    2.00000
 30805010    0.00000    1.24548  300.00000   34.63544    0.00000    0.00000    0.00000  -25.71000    2.00000
 30805011    0.00000    1.26181  300.00000   34.10763    0.00000    0.00000    0.00000  -25.71000    2.00000
 30805012    0.00000    1.27825  300.00000   33.59336    0.00000    0.00000    0.00000  -25.71000    2.00000
 30805013    0.00000    1.29478  300.00000   33.09218    0.00000    0.00000    0.00000  -25.71000    2.00000
 30805014    0.00000    1.31141  300.00000   32.60368    0.00000    0.00000    0.00000  -25.71000    2.00000
 30805015    0.00000    1.32813  300.00000   32.12745    0.00000    0.00000    0.00000  -25.71000    2.00000
 30805016    0.00000    1.34495  300.00000   31.66309    0.00000    0.00000    0.00000  -25.71000    2.00000
 30805017    0.00000    1.36185  300.00000   31.21022    0.00000    0.00000    0.00000  -25.71000    2.00000
 30805018    0.00000    1.37883  300.00000   30.76849    0.00000    0.00000    0.00000  -25.71000    2.00000
 30806001    0.00000    1.10397  300.00000   40.08963    0.00000    0.00000    0.00000  -51.42000    2.00000
 30806002    0.00000    1.11914  300.00000   39.41803    0.00000    0.00000    0.00000  -51.42000    2.00000
 30806003    0.00000    1.13447  300.00000   38.76449    0.00000    0.00000    0.00000  -51.42000    2.00000
 30806004    0.00000    1.14993  300.00000   38.12845    0.00000    0.00000    0.00000  -51.42000    2.00000
 30806005    0.00000    1.16554  300.00000   37.50936    0.00000    0.00000    0.00000  -51.42000    2.00000
 30806006    0.00000    1.18128  300.00000   36.90670    0.00000    0.00000    0.00000  -51.42000    2.00000
 30806007    0.00000    1.19714  300.00000   36.31995    0.00000    0.00000    0.00000  -51.42000    2.00000
 30806008    0.00000    1.21313  300.00000   35.74861    0.00000    0.00000    0.00000  -51.42000    2.00000
 30806009    0.00000    1.22923  300.00000   35.19219    0.00000    0.00000    0.00000  -51.42000    2.00000
 30806010    0.00000    1.24545  300.00000   34.65020    0.00000    0.00000    0.00000  -51.42000    2.00000
 30806011    0.00000    1.26178  300.00000   34.12219    0.00000    0.00000    0.00000  -51.42000    2.00000
 30806012    0.00000    1.27821  300.00000   33.60772    0.00000    0.00000    0.00000  -51.42000    2.00000
 30806013    0.00000    1.29474  300.00000   33.10634    0.00000    0.00000    0.00000  -51.42000    2.00000
 30806014    0.00000    1.31137  300.00000   32.61765    0.00000    0.00000    0.00000  -51.42000    2.00000
 30806015    0.00000    1.32809  300.00000   32.14122    0.00000    0.00000    0.00000  -51.42000    2.00000
 30806016    0.00000    1.34490  300.00000   31.67667    0.00000    0.00000    0.00000  -51.42000    2.00000
 30806017    0.00000    1.36179  300.00000   31.22362    0.00000    0.00000    0.00000  -51.42000    2.00000
 30806018    0.00000    1.37877  300.00000   30.78170    0.00000    0.00000    0.00000  -51.42000    2.00000
