 25
     -72     42     41     40     75     74     73    108    107    106    141
            140    139    174    173    172    207    206    205    240    239
            238    273    272    271    306    305    304    339    338    337
            372    371    370    405    404    403    438    437    436    471
            470    469    504    503    502    537    536    535    570    569
            568    603    602    601    636    635    634    669    668    667
            702    701    700    735    734    733    768    767    766    801
            800    799
     -72     39     38     37     72     71     70    105    104    103    138
            137    136    171    170    169    204    203    202    237    236
            235    270    269    268    303    302    301    336    335    334
            369    368    367    402    401    400    435    434    433    468
            467    466    501    500    499    534    533    532    567    566
            565    600    599    598    633    632    631    666    665    664
            699    698    697    732    731    730    765    764    763    798
            797    796
     -72     36     35     34     69     68     67    102    101    100    135
            134    133    168    167    166    201    200    199    234    233
            232    267    266    265    300    299    298    333    332    331
            366    365    364    399    398    397    432    431    430    465
            464    463    498    497    496    531    530    529    564    563
            562    597    596    595    630    629    628    663    662    661
            696    695    694    729    728    727    762    761    760    795
            794    793
     -72     33     32     31     66     65     64     99     98     97    132
            131    130    165    164    163    198    197    196    231    230
            229    264    263    262    297    296    295    330    329    328
            363    362    361    396    395    394    429    428    427    462
            461    460    495    494    493    528    527    526    561    560
            559    594    593    592    627    626    625    660    659    658
            693    692    691    726    725    724    759    758    757    792
            791    790
     -72     30     29     28     63     62     61     96     95     94    129
            128    127    162    161    160    195    194    193    228    227
            226    261    260    259    294    293    292    327    326    325
            360    359    358    393    392    391    426    425    424    459
            458    457    492    491    490    525    524    523    558    557
            556    591    590    589    624    623    622    657    656    655
            690    689    688    723    722    721    756    755    754    789
            788    787
     -72     27     26     25     60     59     58     93     92     91    126
            125    124    159    158    157    192    191    190    225    224
            223    258    257    256    291    290    289    324    323    322
            357    356    355    390    389    388    423    422    421    456
            455    454    489    488    487    522    521    520    555    554
            553    588    587    586    621    620    619    654    653    652
            687    686    685    720    719    718    753    752    751    786
            785    784
     -72     24     23     22     57     56     55     90     89     88    123
            122    121    156    155    154    189    188    187    222    221
            220    255    254    253    288    287    286    321    320    319
            354    353    352    387    386    385    420    419    418    453
            452    451    486    485    484    519    518    517    552    551
            550    585    584    583    618    617    616    651    650    649
            684    683    682    717    716    715    750    749    748    783
            782    781
     -72     21     20     19     54     53     52     87     86     85    120
            119    118    153    152    151    186    185    184    219    218
            217    252    251    250    285    284    283    318    317    316
            351    350    349    384    383    382    417    416    415    450
            449    448    483    482    481    516    515    514    549    548
            547    582    581    580    615    614    613    648    647    646
            681    680    679    714    713    712    747    746    745    780
            779    778
     -72     18     17     16     51     50     49     84     83     82    117
            116    115    150    149    148    183    182    181    216    215
            214    249    248    247    282    281    280    315    314    313
            348    347    346    381    380    379    414    413    412    447
            446    445    480    479    478    513    512    511    546    545
            544    579    578    577    612    611    610    645    644    643
            678    677    676    711    710    709    744    743    742    777
            776    775
     -72     15     14     13     48     47     46     81     80     79    114
            113    112    147    146    145    180    179    178    213    212
            211    246    245    244    279    278    277    312    311    310
            345    344    343    378    377    376    411    410    409    444
            443    442    477    476    475    510    509    508    543    542
            541    576    575    574    609    608    607    642    641    640
            675    674    673    708    707    706    741    740    739    774
            773    772
     -72     12     11     10     45     44     43     78     77     76    111
            110    109    144    143    142    177    176    175    210    209
            208    243    242    241    276    275    274    309    308    307
            342    341    340    375    374    373    408    407    406    441
            440    439    474    473    472    507    506    505    540    539
            538    573    572    571    606    605    604    639    638    637
            672    671    670    705    704    703    738    737    736    771
            770    769
     -60    861    860    859    858    857    856    855    854    853    852
            881    880    879    878    877    876    875    874    873    872
            901    900    899    898    897    896    895    894    893    892
           1629   1628   1627   1626   1625   1624   1623   1622   1621   1620
           1649   1648   1647   1646   1645   1644   1643   1642   1641   1640
           1669   1668   1667   1666   1665   1664   1663   1662   1661   1660
     -60    851    850    849    848    847    846    845    844    843    842
            871    870    869    868    867    866    865    864    863    862
            891    890    889    888    887    886    885    884    883    882
           1619   1618   1617   1616   1615   1614   1613   1612   1611   1610
           1639   1638   1637   1636   1635   1634   1633   1632   1631   1630
           1659   1658   1657   1656   1655   1654   1653   1652   1651   1650
     -54    975    974    973    972    971    970    969    968    967    993
            992    991    990    989    988    987    986    985   1011   1010
           1009   1008   1007   1006   1005   1004   1003   1743   1742   1741
           1740   1739   1738   1737   1736   1735   1761   1760   1759   1758
           1757   1756   1755   1754   1753   1779   1778   1777   1776   1775
           1774   1773   1772   1771
     -54    966    965    964    963    962    961    960    959    958    984
            983    982    981    980    979    978    977    976   1002   1001
           1000    999    998    997    996    995    994   1734   1733   1732
           1731   1730   1729   1728   1727   1726   1752   1751   1750   1749
           1748   1747   1746   1745   1744   1770   1769   1768   1767   1766
           1765   1764   1763   1762
     -54   1083   1082   1081   1080   1079   1078   1077   1076   1075   1101
           1100   1099   1098   1097   1096   1095   1094   1093   1119   1118
           1117   1116   1115   1114   1113   1112   1111   1851   1850   1849
           1848   1847   1846   1845   1844   1843   1869   1868   1867   1866
           1865   1864   1863   1862   1861   1887   1886   1885   1884   1883
           1882   1881   1880   1879
     -54   1074   1073   1072   1071   1070   1069   1068   1067   1066   1092
           1091   1090   1089   1088   1087   1086   1085   1084   1110   1109
           1108   1107   1106   1105   1104   1103   1102   1842   1841   1840
           1839   1838   1837   1836   1835   1834   1860   1859   1858   1857
           1856   1855   1854   1853   1852   1878   1877   1876   1875   1874
           1873   1872   1871   1870
     -54   1191   1190   1189   1188   1187   1186   1185   1184   1183   1209
           1208   1207   1206   1205   1204   1203   1202   1201   1227   1226
           1225   1224   1223   1222   1221   1220   1219   1959   1958   1957
           1956   1955   1954   1953   1952   1951   1977   1976   1975   1974
           1973   1972   1971   1970   1969   1995   1994   1993   1992   1991
           1990   1989   1988   1987
     -54   1182   1181   1180   1179   1178   1177   1176   1175   1174   1200
           1199   1198   1197   1196   1195   1194   1193   1192   1218   1217
           1216   1215   1214   1213   1212   1211   1210   1950   1949   1948
           1947   1946   1945   1944   1943   1942   1968   1967   1966   1965
           1964   1963   1962   1961   1960   1986   1985   1984   1983   1982
           1981   1980   1979   1978
     -54   1299   1298   1297   1296   1295   1294   1293   1292   1291   1317
           1316   1315   1314   1313   1312   1311   1310   1309   1335   1334
           1333   1332   1331   1330   1329   1328   1327   2067   2066   2065
           2064   2063   2062   2061   2060   2059   2085   2084   2083   2082
           2081   2080   2079   2078   2077   2103   2102   2101   2100   2099
           2098   2097   2096   2095
     -54   1290   1289   1288   1287   1286   1285   1284   1283   1282   1308
           1307   1306   1305   1304   1303   1302   1301   1300   1326   1325
           1324   1323   1322   1321   1320   1319   1318   2058   2057   2056
           2055   2054   2053   2052   2051   2050   2076   2075   2074   2073
           2072   2071   2070   2069   2068   2094   2093   2092   2091   2090
           2089   2088   2087   2086
     -54   1407   1406   1405   1404   1403   1402   1401   1400   1399   1425
           1424   1423   1422   1421   1420   1419   1418   1417   1443   1442
           1441   1440   1439   1438   1437   1436   1435   2175   2174   2173
           2172   2171   2170   2169   2168   2167   2193   2192   2191   2190
           2189   2188   2187   2186   2185   2211   2210   2209   2208   2207
           2206   2205   2204   2203
     -54   1398   1397   1396   1395   1394   1393   1392   1391   1390   1416
           1415   1414   1413   1412   1411   1410   1409   1408   1434   1433
           1432   1431   1430   1429   1428   1427   1426   2166   2165   2164
           2163   2162   2161   2160   2159   2158   2184   2183   2182   2181
           2180   2179   2178   2177   2176   2202   2201   2200   2199   2198
           2197   2196   2195   2194
     -54   1515   1514   1513   1512   1511   1510   1509   1508   1507   1533
           1532   1531   1530   1529   1528   1527   1526   1525   1551   1550
           1549   1548   1547   1546   1545   1544   1543   2283   2282   2281
           2280   2279   2278   2277   2276   2275   2301   2300   2299   2298
           2297   2296   2295   2294   2293   2319   2318   2317   2316   2315
           2314   2313   2312   2311
     -54   1506   1505   1504   1503   1502   1501   1500   1499   1498   1524
           1523   1522   1521   1520   1519   1518   1517   1516   1542   1541
           1540   1539   1538   1537   1536   1535   1534   2274   2273   2272
           2271   2270   2269   2268   2267   2266   2292   2291   2290   2289
           2288   2287   2286   2285   2284   2310   2309   2308   2307   2306
           2305   2304   2303   2302
