 25
      -6    702    701    700    735    734    733
      -6    699    698    697    732    731    730
      -6    696    695    694    729    728    727
      -6    693    692    691    726    725    724
      -6    690    689    688    723    722    721
      -6    687    686    685    720    719    718
      -6    684    683    682    717    716    715
      -6    681    680    679    714    713    712
      -6    678    677    676    711    710    709
      -6    675    674    673    708    707    706
      -6    672    671    670    705    704    703
     -18    819    818    817    816    815    814    813    812    811   1467
           1466   1465   1464   1463   1462   1461   1460   1459
     -18    810    809    808    807    806    805    804    803    802   1458
           1457   1456   1455   1454   1453   1452   1451   1450
     -18    909    908    907    906    905    904    903    902    901   1557
           1556   1555   1554   1553   1552   1551   1550   1549
     -18    900    899    898    897    896    895    894    893    892   1548
           1547   1546   1545   1544   1543   1542   1541   1540
     -18    981    980    979    978    977    976    975    974    973   1629
           1628   1627   1626   1625   1624   1623   1622   1621
     -18    972    971    970    969    968    967    966    965    964   1620
           1619   1618   1617   1616   1615   1614   1613   1612
     -18   1089   1088   1087   1086   1085   1084   1083   1082   1081   1737
           1736   1735   1734   1733   1732   1731   1730   1729
     -18   1080   1079   1078   1077   1076   1075   1074   1073   1072   1728
           1727   1726   1725   1724   1723   1722   1721   1720
     -18   1197   1196   1195   1194   1193   1192   1191   1190   1189   1845
           1844   1843   1842   1841   1840   1839   1838   1837
     -18   1188   1187   1186   1185   1184   1183   1182   1181   1180   1836
           1835   1834   1833   1832   1831   1830   1829   1828
     -18   1305   1304   1303   1302   1301   1300   1299   1298   1297   1953
           1952   1951   1950   1949   1948   1947   1946   1945
     -18   1296   1295   1294   1293   1292   1291   1290   1289   1288   1944
           1943   1942   1941   1940   1939   1938   1937   1936
     -18   1413   1412   1411   1410   1409   1408   1407   1406   1405   2061
           2060   2059   2058   2057   2056   2055   2054   2053
     -18   1404   1403   1402   1401   1400   1399   1398   1397   1396   2052
           2051   2050   2049   2048   2047   2046   2045   2044
