 36
     -12    669    668    667    702    701    700    735    734    733    768
            767    766
     -12    273    272    271    306    305    304    339    338    337    372
            371    370
     -12    666    665    664    699    698    697    732    731    730    765
            764    763
     -12    270    269    268    303    302    301    336    335    334    369
            368    367
     -12    663    662    661    696    695    694    729    728    727    762
            761    760
     -12    267    266    265    300    299    298    333    332    331    366
            365    364
     -12    660    659    658    693    692    691    726    725    724    759
            758    757
     -12    264    263    262    297    296    295    330    329    328    363
            362    361
     -12    657    656    655    690    689    688    723    722    721    756
            755    754
     -12    261    260    259    294    293    292    327    326    325    360
            359    358
     -12    654    653    652    687    686    685    720    719    718    753
            752    751
     -12    258    257    256    291    290    289    324    323    322    357
            356    355
     -12    651    650    649    684    683    682    717    716    715    750
            749    748
     -12    255    254    253    288    287    286    321    320    319    354
            353    352
     -12    648    647    646    681    680    679    714    713    712    747
            746    745
     -12    252    251    250    285    284    283    318    317    316    351
            350    349
     -12    645    644    643    678    677    676    711    710    709    744
            743    742
     -12    249    248    247    282    281    280    315    314    313    348
            347    346
     -12    642    641    640    675    674    673    708    707    706    741
            740    739
     -12    246    245    244    279    278    277    312    311    310    345
            344    343
     -12    639    638    637    672    671    670    705    704    703    738
            737    736
     -12    243    242    241    276    275    274    309    308    307    342
            341    340
     -18   1377   1376   1375   1374   1373   1372   1371   1370   1369   1368
           1367   1366   1365   1364   1363   1362   1361   1360
     -18    819    818    817    816    815    814    813    812    811    810
            809    808    807    806    805    804    803    802
     -18   1413   1412   1411   1410   1409   1408   1407   1406   1405   1404
           1403   1402   1401   1400   1399   1398   1397   1396
     -18    855    854    853    852    851    850    849    848    847    846
            845    844    843    842    841    840    839    838
     -36   1449   1448   1447   1446   1445   1444   1443   1442   1441   1440
           1439   1438   1437   1436   1435   1434   1433   1432   1467   1466
           1465   1464   1463   1462   1461   1460   1459   1458   1457   1456
           1455   1454   1453   1452   1451   1450
     -54    891    890    889    888    887    886    885    884    883    882
            881    880    879    878    877    876    875    874    909    908
            907    906    905    904    903    902    901    900    899    898
            897    896    895    894    893    892    927    926    925    924
            923    922    921    920    919    918    917    916    915    914
            913    912    911    910
     -54   1521   1520   1519   1518   1517   1516   1515   1514   1513   1512
           1511   1510   1509   1508   1507   1506   1505   1504   1539   1538
           1537   1536   1535   1534   1533   1532   1531   1530   1529   1528
           1527   1526   1525   1524   1523   1522   1557   1556   1555   1554
           1553   1552   1551   1550   1549   1548   1547   1546   1545   1544
           1543   1542   1541   1540
     -54    981    980    979    978    977    976    975    974    973    972
            971    970    969    968    967    966    965    964    999    998
            997    996    995    994    993    992    991    990    989    988
            987    986    985    984    983    982   1017   1016   1015   1014
           1013   1012   1011   1010   1009   1008   1007   1006   1005   1004
           1003   1002   1001   1000
     -54   1629   1628   1627   1626   1625   1624   1623   1622   1621   1620
           1619   1618   1617   1616   1615   1614   1613   1612   1647   1646
           1645   1644   1643   1642   1641   1640   1639   1638   1637   1636
           1635   1634   1633   1632   1631   1630   1665   1664   1663   1662
           1661   1660   1659   1658   1657   1656   1655   1654   1653   1652
           1651   1650   1649   1648
     -54   1089   1088   1087   1086   1085   1084   1083   1082   1081   1080
           1079   1078   1077   1076   1075   1074   1073   1072   1107   1106
           1105   1104   1103   1102   1101   1100   1099   1098   1097   1096
           1095   1094   1093   1092   1091   1090   1125   1124   1123   1122
           1121   1120   1119   1118   1117   1116   1115   1114   1113   1112
           1111   1110   1109   1108
     -54   1737   1736   1735   1734   1733   1732   1731   1730   1729   1728
           1727   1726   1725   1724   1723   1722   1721   1720   1755   1754
           1753   1752   1751   1750   1749   1748   1747   1746   1745   1744
           1743   1742   1741   1740   1739   1738   1773   1772   1771   1770
           1769   1768   1767   1766   1765   1764   1763   1762   1761   1760
           1759   1758   1757   1756
     -54   1197   1196   1195   1194   1193   1192   1191   1190   1189   1188
           1187   1186   1185   1184   1183   1182   1181   1180   1215   1214
           1213   1212   1211   1210   1209   1208   1207   1206   1205   1204
           1203   1202   1201   1200   1199   1198   1233   1232   1231   1230
           1229   1228   1227   1226   1225   1224   1223   1222   1221   1220
           1219   1218   1217   1216
     -54   1845   1844   1843   1842   1841   1840   1839   1838   1837   1836
           1835   1834   1833   1832   1831   1830   1829   1828   1863   1862
           1861   1860   1859   1858   1857   1856   1855   1854   1853   1852
           1851   1850   1849   1848   1847   1846   1881   1880   1879   1878
           1877   1876   1875   1874   1873   1872   1871   1870   1869   1868
           1867   1866   1865   1864
     -54   1305   1304   1303   1302   1301   1300   1299   1298   1297   1296
           1295   1294   1293   1292   1291   1290   1289   1288   1323   1322
           1321   1320   1319   1318   1317   1316   1315   1314   1313   1312
           1311   1310   1309   1308   1307   1306   1341   1340   1339   1338
           1337   1336   1335   1334   1333   1332   1331   1330   1329   1328
           1327   1326   1325   1324
