M1-M1  10    0   -13.54200   180.00000    90.00000     0.00000 
M1-M2  10    1   -11.92800   180.00000    90.00000     0.00000 
M1-M3  10    8    -7.80800   180.00000    90.00000     0.00000 
M1-M4  10    2    -4.56000   180.00000    90.00000     0.00000 
M1-M5  10    4    -2.66000   180.00000    90.00000     0.00000 
M1-M6  10    6     6.50000     0.00000    90.00000     0.00000 
LAB1-M1 107    0     5.52600     0.49200    90.00000   -55.26700 
LAB1-M2 107    0     5.52600     0.49200    90.00000   -69.16000 
LAB1-M3 107    0     5.52600     0.49183    90.00000   -83.05300 
LAB1-M4 107    0     5.52600     0.49299    90.00000   263.05301 
LAB1-M5 107    0     5.52600     0.49200    90.00000   249.16000 
LAB1-M6 107    0     5.52600     0.49200    90.00000   235.26700 
LAB1-M7 107    4     5.52600     0.46694    90.00000   214.73300 
LAB1-M8 107    4     5.52600     0.48047    90.00000   200.84000 
LAB1-M9 107    4     5.52600     0.48742    90.00000   186.94701 
LAB1-M10 107    4     5.52600     0.47533    90.00000   173.05299 
LAB1-M11 107    4     5.52600     0.48962    90.00000   159.16000 
LAB1-M12 107    4     5.52600     0.47418    90.00000   145.26700 
LAB1-M13 107    8     5.52600     0.49200    90.00000   124.73300 
LAB1-M14 107    8     5.52600     0.48126    90.00000   110.84000 
LAB1-M15 107    8     5.52600     0.49117    90.00000    96.94700 
LAB1-M16 107    8     5.52600     0.48166    90.00000    83.05300 
LAB1-M17 107    8     5.52600     0.49200    90.00000    69.16000 
LAB1-M18 107    8     5.52600     0.49200    90.00000    55.26700 
LAB1-M19 107   12     5.52600     0.51527    90.00000    34.73300 
LAB1-M20 107   12     5.52600     0.48492    90.00000    20.84000 
LAB1-M21 107   12     5.52600     0.48861    90.00000     6.94700 
LAB1-M22 107   12     5.52600     0.49094    90.00000    -6.94700 
LAB1-M23 107   12     5.52600     0.49512    90.00000   -20.84000 
LAB1-M24 107   12     5.52600     0.48779    90.00000   -34.73300 
N2-M4   1    0     4.80670     5.30028    24.00000   180.00000 
N2-M6   1    4     4.80670     5.36551    24.00000   231.42000 
N3-M1 108    8     4.36100     7.89424    20.00000   102.87000 
N3-M2 108   12     4.36100     7.95018    20.50000   128.48000 
N3-M3 109    0     4.36100     7.96300    20.50000   154.28999 
N3-M4 108    0     4.36100     8.02943    20.50000   180.00000 
N4-M1   2    0     3.58850    11.46870    17.80000   102.87000 
N4-M2 109    4     3.58850    11.47703    17.80000   128.48000 
N4-M3 104    8     3.58850    11.51578    17.80000   154.28999 
N4-M4   2    4     3.58850    11.44304    17.80000   180.00000 
N4-M5   2    8     3.58850    11.55263    17.80000   205.71001 
N4-M6 102    0     3.58850    11.65118    17.80000   231.42000 
N5-M1   3    8     2.79120    14.85449    14.80000   102.87000 
N5-M2 109    8     2.79120    14.85965    14.80000   128.48000 
N5-M3 104   12     2.79120    14.91582    14.80000   154.28999 
N5-M4   3   12     2.79120    14.79782    14.80000   180.00000 
N5-M5   4    0     2.79120    14.89063    14.80000   205.71001 
N5-M6 102    8     2.79120    15.00297    14.80000   231.42000 
N6-M1   5    0     1.92430    22.52240     8.20000   102.87000 
N6-M2 105    4     1.92430    22.50338     8.20000   128.48000 
N6-M3   5    4     1.92430    22.47778     8.20000   154.28999 
N6-M4   5    8     1.92430    22.51038     8.20000   180.00000 
N6-M5   5   12     1.92430    22.60565     8.20000   205.71001 
N6-M6 103    0     1.92430    22.63264     8.20000   231.42000 
N7-M1   7    0     1.51230    29.35573     2.00000   102.87000 
N7-M2 105   12     1.51230    29.37954     2.00000   128.48000 
N7-M3   7    4     1.51230    29.32611     2.00000   154.28999 
N7-M4   7    8     1.51230    29.39048     2.00000   180.00000 
N7-M5   7   12     1.51230    29.46029     2.00000   205.71001 
N7-M6 103    8     1.51230    29.62210     2.00000   231.42000 
N8-M1   9    0     1.09530    41.07289     5.00000   102.87000 
N8-M2 106    4     1.09530    40.92865     5.00000   128.48000 
N8-M3   9    4     1.09530    40.90769     5.00000   154.28999 
N8-M4   9    8     1.09530    41.12264     5.00000   180.00000 
N8-M5   9   12     1.09530    41.26674     5.00000   205.71001 
N8-M6 104    0     1.09530    41.33660     5.00000   231.42000 
S2-M4   1    8     4.80670     5.45377    24.00000     0.00000 
S2-M6   1   12     4.80670     5.35141    24.00000   -51.42000 
S3-M1 109   12     4.36100     7.93467    20.50000    77.13000 
S3-M2 110    0     4.36100     7.88881    20.50000    51.42000 
S3-M3 110    4     4.36100     7.95807    20.50000    25.71000 
S3-M4 108    4     4.36100     8.05691    20.50000     0.00000 
S4-M1   2   12     3.58850    11.49268    17.80000    77.13000 
S4-M2 110    8     3.58850    11.48240    17.80000    51.42000 
S4-M3 110   12     3.58850    11.54180    17.80000    25.71000 
S4-M4   3    0     3.58850    11.61968    17.80000     0.00000 
S4-M5   3    4     3.58850    11.65850    17.80000   -25.71000 
S4-M6 102    4     3.58850    11.65402    17.80000   -51.42000 
S5-M1   4    4     2.79120    14.84510    14.80000    77.13000 
S5-M2 106   12     2.79120    14.67088    11.80000    51.42000 
S5-M3 105    0     2.79120    14.86155    14.80000    25.71000 
S5-M4   4    8     2.79120    14.95338    14.80000     0.00000 
S5-M5   4   12     2.79120    15.05155    14.80000   -25.71000 
S5-M6 102   12     2.79120    15.07846    14.80000   -51.42000 
S6-M1   6    0     1.92430    22.48426     8.20000    77.13000 
S6-M2 105    8     1.92430    22.44776     8.20000    51.42000 
S6-M3   6    4     1.92430    22.46425     8.20000    25.71000 
S6-M4   6    8     1.92430    22.42657     8.20000     0.00000 
S6-M5   6   12     1.92430    22.47071     8.20000   -25.71000 
S6-M6 103    4     1.92430    22.48917     8.20000   -51.42000 
S7-M1   8    0     1.51230    29.38635     2.00000    77.13000 
S7-M2 106    0     1.51230    29.33815     2.00000    51.42000 
S7-M3   8    4     1.51230    29.35993     2.00000    25.71000 
S7-M4   8    8     1.51230    29.26273     2.00000     0.00000 
S7-M5   8   12     1.51230    29.27610     2.00000   -25.71000 
S7-M6 103   12     1.51230    29.34468     2.00000   -51.42000 
S8-M1 101    0     1.09530    41.03817     5.00000    77.13000 
S8-M2 106    8     1.09530    40.94997     5.00000    51.42000 
S8-M3 101    4     1.09530    40.88040     5.00000    25.71000 
S8-M4 101    8     1.09530    40.76964     5.00000     0.00000 
S8-M5 101   12     1.09530    40.86357     5.00000   -25.71000 
S8-M6 104    4     1.09530    40.90203     5.00000   -51.42000 
