 Number_of_detectors, Number of ut parameters
               908                       5
 Detector,     delta,      len2,      code,    2theta,       ut1,       ut2,       ut3,       ut4,       ut5
 10101001    0.00000  -13.54200  300.00000  180.00000    0.00000    0.00000    0.00000    0.00000    0.10000
 10102001    0.00000  -11.92800  300.00000  180.00000    0.00000    0.00000    0.00000    0.00000    0.10000
 10104001    0.00000   -4.56000  300.00000  180.00000    0.00000    0.00000    0.00000    0.00000    0.10000
 10104002    0.00000   -4.56000  300.00000  180.00000    0.00000    0.00000    0.00000    0.00000    0.10000
 10105001    0.00000   -2.66000  300.00000  180.00000    0.00000    0.00000    0.00000    0.00000    0.10000
 10105002    0.00000   -2.66000  300.00000  180.00000    0.00000    0.00000    0.00000    0.00000    0.10000
 10106001    0.00000    6.50000  300.00000    0.00000    0.00000    0.00000    0.00000    0.00000    0.10000
 10106002    0.00000    6.50000  300.00000    0.00000    0.00000    0.00000    0.00000    0.00000    0.10000
 20204001    0.00000    4.81596  300.00000    5.18724    0.00000    0.00000    0.00000  180.00000    2.00000
 20204002    0.00000    4.83398  300.00000    5.08467    0.00000    0.00000    0.00000  180.00000    2.00000
 20204003    0.00000    4.85202  300.00000    4.98288    0.00000    0.00000    0.00000  180.00000    2.00000
 20204004    0.00000    4.87007  300.00000    4.88187    0.00000    0.00000    0.00000  180.00000    2.00000
 20204005    0.00000    4.88814  300.00000    4.78162    0.00000    0.00000    0.00000  180.00000    2.00000
 20204006    0.00000    4.90622  300.00000    4.68214    0.00000    0.00000    0.00000  180.00000    2.00000
 20204007    0.00000    4.92432  300.00000    4.58340    0.00000    0.00000    0.00000  180.00000    2.00000
 20204008    0.00000    4.94243  300.00000    4.48542    0.00000    0.00000    0.00000  180.00000    2.00000
 20204009    0.00000    4.96055  300.00000    4.38817    0.00000    0.00000    0.00000  180.00000    2.00000
 20204010    0.00000    4.97869  300.00000    4.29166    0.00000    0.00000    0.00000  180.00000    2.00000
 20204011    0.00000    4.99685  300.00000    4.19588    0.00000    0.00000    0.00000  180.00000    2.00000
 20204012    0.00000    5.01501  300.00000    4.10082    0.00000    0.00000    0.00000  180.00000    2.00000
 20204013    0.00000    5.03320  300.00000    4.00647    0.00000    0.00000    0.00000  180.00000    2.00000
 20204014    0.00000    5.05139  300.00000    3.91284    0.00000    0.00000    0.00000  180.00000    2.00000
 20204015    0.00000    5.06960  300.00000    3.81992    0.00000    0.00000    0.00000  180.00000    2.00000
 20204016    0.00000    5.08782  300.00000    3.72769    0.00000    0.00000    0.00000  180.00000    2.00000
 20204017    0.00000    5.10606  300.00000    3.63617    0.00000    0.00000    0.00000  180.00000    2.00000
 20204018    0.00000    5.12431  300.00000    3.54533    0.00000    0.00000    0.00000  180.00000    2.00000
 20206001    0.00000    4.81596  300.00000    5.19140    0.00000    0.00000    0.00000  231.42000    2.00000
 20206002    0.00000    4.83398  300.00000    5.08882    0.00000    0.00000    0.00000  231.42000    2.00000
 20206003    0.00000    4.85202  300.00000    4.98702    0.00000    0.00000    0.00000  231.42000    2.00000
 20206004    0.00000    4.87007  300.00000    4.88599    0.00000    0.00000    0.00000  231.42000    2.00000
 20206005    0.00000    4.88814  300.00000    4.78572    0.00000    0.00000    0.00000  231.42000    2.00000
 20206006    0.00000    4.90622  300.00000    4.68622    0.00000    0.00000    0.00000  231.42000    2.00000
 20206007    0.00000    4.92431  300.00000    4.58747    0.00000    0.00000    0.00000  231.42000    2.00000
 20206008    0.00000    4.94242  300.00000    4.48947    0.00000    0.00000    0.00000  231.42000    2.00000
 20206009    0.00000    4.96055  300.00000    4.39221    0.00000    0.00000    0.00000  231.42000    2.00000
 20206010    0.00000    4.97869  300.00000    4.29568    0.00000    0.00000    0.00000  231.42000    2.00000
 20206011    0.00000    4.99684  300.00000    4.19988    0.00000    0.00000    0.00000  231.42000    2.00000
 20206012    0.00000    5.01501  300.00000    4.10480    0.00000    0.00000    0.00000  231.42000    2.00000
 20206013    0.00000    5.03319  300.00000    4.01044    0.00000    0.00000    0.00000  231.42000    2.00000
 20206014    0.00000    5.05138  300.00000    3.91680    0.00000    0.00000    0.00000  231.42000    2.00000
 20206015    0.00000    5.06959  300.00000    3.82385    0.00000    0.00000    0.00000  231.42000    2.00000
 20206016    0.00000    5.08781  300.00000    3.73161    0.00000    0.00000    0.00000  231.42000    2.00000
 20206017    0.00000    5.10605  300.00000    3.64007    0.00000    0.00000    0.00000  231.42000    2.00000
 20206018    0.00000    5.12430  300.00000    3.54922    0.00000    0.00000    0.00000  231.42000    2.00000
 20401001    0.00000    3.59782  300.00000   11.39398    0.00000    0.00000    0.00000  102.87000    2.00000
 20401002    0.00000    3.61578  300.00000   11.25429    0.00000    0.00000    0.00000  102.87000    2.00000
 20401003    0.00000    3.63376  300.00000   11.11598    0.00000    0.00000    0.00000  102.87000    2.00000
 20401004    0.00000    3.65176  300.00000   10.97903    0.00000    0.00000    0.00000  102.87000    2.00000
 20401005    0.00000    3.66978  300.00000   10.84344    0.00000    0.00000    0.00000  102.87000    2.00000
 20401006    0.00000    3.68783  300.00000   10.70917    0.00000    0.00000    0.00000  102.87000    2.00000
 20401007    0.00000    3.70589  300.00000   10.57621    0.00000    0.00000    0.00000  102.87000    2.00000
 20401008    0.00000    3.72397  300.00000   10.44455    0.00000    0.00000    0.00000  102.87000    2.00000
 20401009    0.00000    3.74207  300.00000   10.31416    0.00000    0.00000    0.00000  102.87000    2.00000
 20401010    0.00000    3.76020  300.00000   10.18503    0.00000    0.00000    0.00000  102.87000    2.00000
 20401011    0.00000    3.77834  300.00000   10.05715    0.00000    0.00000    0.00000  102.87000    2.00000
 20401012    0.00000    3.79650  300.00000    9.93049    0.00000    0.00000    0.00000  102.87000    2.00000
 20401013    0.00000    3.81467  300.00000    9.80504    0.00000    0.00000    0.00000  102.87000    2.00000
 20401014    0.00000    3.83287  300.00000    9.68079    0.00000    0.00000    0.00000  102.87000    2.00000
 20401015    0.00000    3.85108  300.00000    9.55771    0.00000    0.00000    0.00000  102.87000    2.00000
 20401016    0.00000    3.86931  300.00000    9.43580    0.00000    0.00000    0.00000  102.87000    2.00000
 20401017    0.00000    3.88756  300.00000    9.31503    0.00000    0.00000    0.00000  102.87000    2.00000
 20401018    0.00000    3.90583  300.00000    9.19540    0.00000    0.00000    0.00000  102.87000    2.00000
 20404001    0.00000    3.59783  300.00000   11.25329    0.00000    0.00000    0.00000  180.00000    2.00000
 20404002    0.00000    3.61581  300.00000   11.11430    0.00000    0.00000    0.00000  180.00000    2.00000
 20404003    0.00000    3.63381  300.00000   10.97669    0.00000    0.00000    0.00000  180.00000    2.00000
 20404004    0.00000    3.65184  300.00000   10.84044    0.00000    0.00000    0.00000  180.00000    2.00000
 20404005    0.00000    3.66988  300.00000   10.70553    0.00000    0.00000    0.00000  180.00000    2.00000
 20404006    0.00000    3.68794  300.00000   10.57195    0.00000    0.00000    0.00000  180.00000    2.00000
 20404007    0.00000    3.70603  300.00000   10.43967    0.00000    0.00000    0.00000  180.00000    2.00000
 20404008    0.00000    3.72413  300.00000   10.30868    0.00000    0.00000    0.00000  180.00000    2.00000
 20404009    0.00000    3.74225  300.00000   10.17896    0.00000    0.00000    0.00000  180.00000    2.00000
 20404010    0.00000    3.76039  300.00000   10.05050    0.00000    0.00000    0.00000  180.00000    2.00000
 20404011    0.00000    3.77855  300.00000    9.92327    0.00000    0.00000    0.00000  180.00000    2.00000
 20404012    0.00000    3.79673  300.00000    9.79727    0.00000    0.00000    0.00000  180.00000    2.00000
 20404013    0.00000    3.81493  300.00000    9.67247    0.00000    0.00000    0.00000  180.00000    2.00000
 20404014    0.00000    3.83314  300.00000    9.54886    0.00000    0.00000    0.00000  180.00000    2.00000
 20404015    0.00000    3.85138  300.00000    9.42642    0.00000    0.00000    0.00000  180.00000    2.00000
 20404016    0.00000    3.86963  300.00000    9.30514    0.00000    0.00000    0.00000  180.00000    2.00000
 20404017    0.00000    3.88789  300.00000    9.18501    0.00000    0.00000    0.00000  180.00000    2.00000
 20404018    0.00000    3.90618  300.00000    9.06600    0.00000    0.00000    0.00000  180.00000    2.00000
 20405001    0.00000    3.59782  300.00000   11.33995    0.00000    0.00000    0.00000  205.71000    2.00000
 20405002    0.00000    3.61579  300.00000   11.20053    0.00000    0.00000    0.00000  205.71000    2.00000
 20405003    0.00000    3.63378  300.00000   11.06249    0.00000    0.00000    0.00000  205.71000    2.00000
 20405004    0.00000    3.65179  300.00000   10.92581    0.00000    0.00000    0.00000  205.71000    2.00000
 20405005    0.00000    3.66982  300.00000   10.79048    0.00000    0.00000    0.00000  205.71000    2.00000
 20405006    0.00000    3.68787  300.00000   10.65647    0.00000    0.00000    0.00000  205.71000    2.00000
 20405007    0.00000    3.70594  300.00000   10.52378    0.00000    0.00000    0.00000  205.71000    2.00000
 20405008    0.00000    3.72403  300.00000   10.39237    0.00000    0.00000    0.00000  205.71000    2.00000
 20405009    0.00000    3.74214  300.00000   10.26224    0.00000    0.00000    0.00000  205.71000    2.00000
 20405010    0.00000    3.76027  300.00000   10.13337    0.00000    0.00000    0.00000  205.71000    2.00000
 20405011    0.00000    3.77842  300.00000   10.00574    0.00000    0.00000    0.00000  205.71000    2.00000
 20405012    0.00000    3.79659  300.00000    9.87933    0.00000    0.00000    0.00000  205.71000    2.00000
 20405013    0.00000    3.81477  300.00000    9.75413    0.00000    0.00000    0.00000  205.71000    2.00000
 20405014    0.00000    3.83297  300.00000    9.63012    0.00000    0.00000    0.00000  205.71000    2.00000
 20405015    0.00000    3.85119  300.00000    9.50729    0.00000    0.00000    0.00000  205.71000    2.00000
 20405016    0.00000    3.86943  300.00000    9.38562    0.00000    0.00000    0.00000  205.71000    2.00000
 20405017    0.00000    3.88769  300.00000    9.26510    0.00000    0.00000    0.00000  205.71000    2.00000
 20405018    0.00000    3.90596  300.00000    9.14570    0.00000    0.00000    0.00000  205.71000    2.00000
 20406001    0.00000    3.59783  300.00000   11.25777    0.00000    0.00000    0.00000  231.42000    2.00000
 20406002    0.00000    3.61581  300.00000   11.11875    0.00000    0.00000    0.00000  231.42000    2.00000
 20406003    0.00000    3.63381  300.00000   10.98112    0.00000    0.00000    0.00000  231.42000    2.00000
 20406004    0.00000    3.65183  300.00000   10.84485    0.00000    0.00000    0.00000  231.42000    2.00000
 20406005    0.00000    3.66988  300.00000   10.70992    0.00000    0.00000    0.00000  231.42000    2.00000
 20406006    0.00000    3.68794  300.00000   10.57631    0.00000    0.00000    0.00000  231.42000    2.00000
 20406007    0.00000    3.70602  300.00000   10.44402    0.00000    0.00000    0.00000  231.42000    2.00000
 20406008    0.00000    3.72412  300.00000   10.31301    0.00000    0.00000    0.00000  231.42000    2.00000
 20406009    0.00000    3.74225  300.00000   10.18327    0.00000    0.00000    0.00000  231.42000    2.00000
 20406010    0.00000    3.76039  300.00000   10.05478    0.00000    0.00000    0.00000  231.42000    2.00000
 20406011    0.00000    3.77855  300.00000    9.92753    0.00000    0.00000    0.00000  231.42000    2.00000
 20406012    0.00000    3.79672  300.00000    9.80151    0.00000    0.00000    0.00000  231.42000    2.00000
 20406013    0.00000    3.81492  300.00000    9.67669    0.00000    0.00000    0.00000  231.42000    2.00000
 20406014    0.00000    3.83313  300.00000    9.55306    0.00000    0.00000    0.00000  231.42000    2.00000
 20406015    0.00000    3.85137  300.00000    9.43060    0.00000    0.00000    0.00000  231.42000    2.00000
 20406016    0.00000    3.86962  300.00000    9.30930    0.00000    0.00000    0.00000  231.42000    2.00000
 20406017    0.00000    3.88788  300.00000    9.18915    0.00000    0.00000    0.00000  231.42000    2.00000
 20406018    0.00000    3.90617  300.00000    9.07012    0.00000    0.00000    0.00000  231.42000    2.00000
 20501001    0.00000    2.80059  300.00000   14.74074    0.00000    0.00000    0.00000  102.87000    2.00000
 20501002    0.00000    2.81850  300.00000   14.55927    0.00000    0.00000    0.00000  102.87000    2.00000
 20501003    0.00000    2.83644  300.00000   14.38010    0.00000    0.00000    0.00000  102.87000    2.00000
 20501004    0.00000    2.85440  300.00000   14.20318    0.00000    0.00000    0.00000  102.87000    2.00000
 20501005    0.00000    2.87239  300.00000   14.02848    0.00000    0.00000    0.00000  102.87000    2.00000
 20501006    0.00000    2.89041  300.00000   13.85596    0.00000    0.00000    0.00000  102.87000    2.00000
 20501007    0.00000    2.90845  300.00000   13.68557    0.00000    0.00000    0.00000  102.87000    2.00000
 20501008    0.00000    2.92652  300.00000   13.51730    0.00000    0.00000    0.00000  102.87000    2.00000
 20501009    0.00000    2.94462  300.00000   13.35109    0.00000    0.00000    0.00000  102.87000    2.00000
 20501010    0.00000    2.96274  300.00000   13.18692    0.00000    0.00000    0.00000  102.87000    2.00000
 20501011    0.00000    2.98088  300.00000   13.02475    0.00000    0.00000    0.00000  102.87000    2.00000
 20501012    0.00000    2.99905  300.00000   12.86454    0.00000    0.00000    0.00000  102.87000    2.00000
 20501013    0.00000    3.01723  300.00000   12.70626    0.00000    0.00000    0.00000  102.87000    2.00000
 20501014    0.00000    3.03545  300.00000   12.54989    0.00000    0.00000    0.00000  102.87000    2.00000
 20501015    0.00000    3.05368  300.00000   12.39538    0.00000    0.00000    0.00000  102.87000    2.00000
 20501016    0.00000    3.07194  300.00000   12.24272    0.00000    0.00000    0.00000  102.87000    2.00000
 20501017    0.00000    3.09022  300.00000   12.09186    0.00000    0.00000    0.00000  102.87000    2.00000
 20501018    0.00000    3.10852  300.00000   11.94278    0.00000    0.00000    0.00000  102.87000    2.00000
 20504001    0.00000    2.80061  300.00000   14.54427    0.00000    0.00000    0.00000  180.00000    2.00000
 20504002    0.00000    2.81855  300.00000   14.36405    0.00000    0.00000    0.00000  180.00000    2.00000
 20504003    0.00000    2.83651  300.00000   14.18612    0.00000    0.00000    0.00000  180.00000    2.00000
 20504004    0.00000    2.85451  300.00000   14.01044    0.00000    0.00000    0.00000  180.00000    2.00000
 20504005    0.00000    2.87253  300.00000   13.83696    0.00000    0.00000    0.00000  180.00000    2.00000
 20504006    0.00000    2.89057  300.00000   13.66564    0.00000    0.00000    0.00000  180.00000    2.00000
 20504007    0.00000    2.90865  300.00000   13.49646    0.00000    0.00000    0.00000  180.00000    2.00000
 20504008    0.00000    2.92674  300.00000   13.32937    0.00000    0.00000    0.00000  180.00000    2.00000
 20504009    0.00000    2.94487  300.00000   13.16434    0.00000    0.00000    0.00000  180.00000    2.00000
 20504010    0.00000    2.96301  300.00000   13.00133    0.00000    0.00000    0.00000  180.00000    2.00000
 20504011    0.00000    2.98118  300.00000   12.84031    0.00000    0.00000    0.00000  180.00000    2.00000
 20504012    0.00000    2.99937  300.00000   12.68124    0.00000    0.00000    0.00000  180.00000    2.00000
 20504013    0.00000    3.01759  300.00000   12.52410    0.00000    0.00000    0.00000  180.00000    2.00000
 20504014    0.00000    3.03583  300.00000   12.36884    0.00000    0.00000    0.00000  180.00000    2.00000
 20504015    0.00000    3.05409  300.00000   12.21544    0.00000    0.00000    0.00000  180.00000    2.00000
 20504016    0.00000    3.07237  300.00000   12.06387    0.00000    0.00000    0.00000  180.00000    2.00000
 20504017    0.00000    3.09067  300.00000   11.91410    0.00000    0.00000    0.00000  180.00000    2.00000
 20504018    0.00000    3.10900  300.00000   11.76610    0.00000    0.00000    0.00000  180.00000    2.00000
 20505001    0.00000    2.80060  300.00000   14.60482    0.00000    0.00000    0.00000  205.71000    2.00000
 20505002    0.00000    2.81853  300.00000   14.42422    0.00000    0.00000    0.00000  205.71000    2.00000
 20505003    0.00000    2.83649  300.00000   14.24590    0.00000    0.00000    0.00000  205.71000    2.00000
 20505004    0.00000    2.85448  300.00000   14.06984    0.00000    0.00000    0.00000  205.71000    2.00000
 20505005    0.00000    2.87249  300.00000   13.89598    0.00000    0.00000    0.00000  205.71000    2.00000
 20505006    0.00000    2.89052  300.00000   13.72430    0.00000    0.00000    0.00000  205.71000    2.00000
 20505007    0.00000    2.90859  300.00000   13.55474    0.00000    0.00000    0.00000  205.71000    2.00000
 20505008    0.00000    2.92668  300.00000   13.38729    0.00000    0.00000    0.00000  205.71000    2.00000
 20505009    0.00000    2.94479  300.00000   13.22189    0.00000    0.00000    0.00000  205.71000    2.00000
 20505010    0.00000    2.96293  300.00000   13.05852    0.00000    0.00000    0.00000  205.71000    2.00000
 20505011    0.00000    2.98109  300.00000   12.89715    0.00000    0.00000    0.00000  205.71000    2.00000
 20505012    0.00000    2.99927  300.00000   12.73773    0.00000    0.00000    0.00000  205.71000    2.00000
 20505013    0.00000    3.01748  300.00000   12.58024    0.00000    0.00000    0.00000  205.71000    2.00000
 20505014    0.00000    3.03571  300.00000   12.42464    0.00000    0.00000    0.00000  205.71000    2.00000
 20505015    0.00000    3.05396  300.00000   12.27090    0.00000    0.00000    0.00000  205.71000    2.00000
 20505016    0.00000    3.07224  300.00000   12.11899    0.00000    0.00000    0.00000  205.71000    2.00000
 20505017    0.00000    3.09053  300.00000   11.96888    0.00000    0.00000    0.00000  205.71000    2.00000
 20505018    0.00000    3.10885  300.00000   11.82055    0.00000    0.00000    0.00000  205.71000    2.00000
 20506001    0.00000    2.80060  300.00000   14.63375    0.00000    0.00000    0.00000  231.42000    2.00000
 20506002    0.00000    2.81853  300.00000   14.45297    0.00000    0.00000    0.00000  231.42000    2.00000
 20506003    0.00000    2.83648  300.00000   14.27447    0.00000    0.00000    0.00000  231.42000    2.00000
 20506004    0.00000    2.85446  300.00000   14.09822    0.00000    0.00000    0.00000  231.42000    2.00000
 20506005    0.00000    2.87247  300.00000   13.92419    0.00000    0.00000    0.00000  231.42000    2.00000
 20506006    0.00000    2.89050  300.00000   13.75232    0.00000    0.00000    0.00000  231.42000    2.00000
 20506007    0.00000    2.90856  300.00000   13.58259    0.00000    0.00000    0.00000  231.42000    2.00000
 20506008    0.00000    2.92664  300.00000   13.41496    0.00000    0.00000    0.00000  231.42000    2.00000
 20506009    0.00000    2.94475  300.00000   13.24939    0.00000    0.00000    0.00000  231.42000    2.00000
 20506010    0.00000    2.96289  300.00000   13.08585    0.00000    0.00000    0.00000  231.42000    2.00000
 20506011    0.00000    2.98104  300.00000   12.92431    0.00000    0.00000    0.00000  231.42000    2.00000
 20506012    0.00000    2.99922  300.00000   12.76472    0.00000    0.00000    0.00000  231.42000    2.00000
 20506013    0.00000    3.01743  300.00000   12.60706    0.00000    0.00000    0.00000  231.42000    2.00000
 20506014    0.00000    3.03566  300.00000   12.45130    0.00000    0.00000    0.00000  231.42000    2.00000
 20506015    0.00000    3.05390  300.00000   12.29740    0.00000    0.00000    0.00000  231.42000    2.00000
 20506016    0.00000    3.07217  300.00000   12.14533    0.00000    0.00000    0.00000  231.42000    2.00000
 20506017    0.00000    3.09047  300.00000   11.99506    0.00000    0.00000    0.00000  231.42000    2.00000
 20506018    0.00000    3.10878  300.00000   11.84656    0.00000    0.00000    0.00000  231.42000    2.00000
 20601001    0.00000    1.93381  300.00000   22.33327    0.00000    0.00000    0.00000  102.87000    2.00000
 20601002    0.00000    1.95157  300.00000   22.06195    0.00000    0.00000    0.00000  102.87000    2.00000
 20601003    0.00000    1.96937  300.00000   21.79553    0.00000    0.00000    0.00000  102.87000    2.00000
 20601004    0.00000    1.98721  300.00000   21.53389    0.00000    0.00000    0.00000  102.87000    2.00000
 20601005    0.00000    2.00510  300.00000   21.27692    0.00000    0.00000    0.00000  102.87000    2.00000
 20601006    0.00000    2.02302  300.00000   21.02449    0.00000    0.00000    0.00000  102.87000    2.00000
 20601007    0.00000    2.04098  300.00000   20.77650    0.00000    0.00000    0.00000  102.87000    2.00000
 20601008    0.00000    2.05898  300.00000   20.53285    0.00000    0.00000    0.00000  102.87000    2.00000
 20601009    0.00000    2.07702  300.00000   20.29342    0.00000    0.00000    0.00000  102.87000    2.00000
 20601010    0.00000    2.09509  300.00000   20.05812    0.00000    0.00000    0.00000  102.87000    2.00000
 20601011    0.00000    2.11320  300.00000   19.82685    0.00000    0.00000    0.00000  102.87000    2.00000
 20601012    0.00000    2.13134  300.00000   19.59951    0.00000    0.00000    0.00000  102.87000    2.00000
 20601013    0.00000    2.14951  300.00000   19.37601    0.00000    0.00000    0.00000  102.87000    2.00000
 20601014    0.00000    2.16772  300.00000   19.15627    0.00000    0.00000    0.00000  102.87000    2.00000
 20601015    0.00000    2.18596  300.00000   18.94019    0.00000    0.00000    0.00000  102.87000    2.00000
 20601016    0.00000    2.20422  300.00000   18.72769    0.00000    0.00000    0.00000  102.87000    2.00000
 20601017    0.00000    2.22252  300.00000   18.51868    0.00000    0.00000    0.00000  102.87000    2.00000
 20601018    0.00000    2.24085  300.00000   18.31309    0.00000    0.00000    0.00000  102.87000    2.00000
 20603001    0.00000    1.93383  300.00000   22.14418    0.00000    0.00000    0.00000  154.29000    2.00000
 20603002    0.00000    1.95162  300.00000   21.87459    0.00000    0.00000    0.00000  154.29000    2.00000
 20603003    0.00000    1.96945  300.00000   21.60988    0.00000    0.00000    0.00000  154.29000    2.00000
 20603004    0.00000    1.98732  300.00000   21.34993    0.00000    0.00000    0.00000  154.29000    2.00000
 20603005    0.00000    2.00523  300.00000   21.09461    0.00000    0.00000    0.00000  154.29000    2.00000
 20603006    0.00000    2.02318  300.00000   20.84382    0.00000    0.00000    0.00000  154.29000    2.00000
 20603007    0.00000    2.04117  300.00000   20.59745    0.00000    0.00000    0.00000  154.29000    2.00000
 20603008    0.00000    2.05920  300.00000   20.35538    0.00000    0.00000    0.00000  154.29000    2.00000
 20603009    0.00000    2.07726  300.00000   20.11752    0.00000    0.00000    0.00000  154.29000    2.00000
 20603010    0.00000    2.09536  300.00000   19.88377    0.00000    0.00000    0.00000  154.29000    2.00000
 20603011    0.00000    2.11349  300.00000   19.65403    0.00000    0.00000    0.00000  154.29000    2.00000
 20603012    0.00000    2.13166  300.00000   19.42820    0.00000    0.00000    0.00000  154.29000    2.00000
 20603013    0.00000    2.14986  300.00000   19.20619    0.00000    0.00000    0.00000  154.29000    2.00000
 20603014    0.00000    2.16809  300.00000   18.98791    0.00000    0.00000    0.00000  154.29000    2.00000
 20603015    0.00000    2.18635  300.00000   18.77327    0.00000    0.00000    0.00000  154.29000    2.00000
 20603016    0.00000    2.20464  300.00000   18.56219    0.00000    0.00000    0.00000  154.29000    2.00000
 20603017    0.00000    2.22296  300.00000   18.35459    0.00000    0.00000    0.00000  154.29000    2.00000
 20603018    0.00000    2.24131  300.00000   18.15039    0.00000    0.00000    0.00000  154.29000    2.00000
 20604001    0.00000    1.93383  300.00000   22.15660    0.00000    0.00000    0.00000  180.00000    2.00000
 20604002    0.00000    1.95161  300.00000   21.88689    0.00000    0.00000    0.00000  180.00000    2.00000
 20604003    0.00000    1.96944  300.00000   21.62207    0.00000    0.00000    0.00000  180.00000    2.00000
 20604004    0.00000    1.98731  300.00000   21.36200    0.00000    0.00000    0.00000  180.00000    2.00000
 20604005    0.00000    2.00522  300.00000   21.10658    0.00000    0.00000    0.00000  180.00000    2.00000
 20604006    0.00000    2.02317  300.00000   20.85568    0.00000    0.00000    0.00000  180.00000    2.00000
 20604007    0.00000    2.04116  300.00000   20.60920    0.00000    0.00000    0.00000  180.00000    2.00000
 20604008    0.00000    2.05919  300.00000   20.36703    0.00000    0.00000    0.00000  180.00000    2.00000
 20604009    0.00000    2.07725  300.00000   20.12907    0.00000    0.00000    0.00000  180.00000    2.00000
 20604010    0.00000    2.09534  300.00000   19.89522    0.00000    0.00000    0.00000  180.00000    2.00000
 20604011    0.00000    2.11347  300.00000   19.66537    0.00000    0.00000    0.00000  180.00000    2.00000
 20604012    0.00000    2.13164  300.00000   19.43944    0.00000    0.00000    0.00000  180.00000    2.00000
 20604013    0.00000    2.14983  300.00000   19.21733    0.00000    0.00000    0.00000  180.00000    2.00000
 20604014    0.00000    2.16806  300.00000   18.99896    0.00000    0.00000    0.00000  180.00000    2.00000
 20604015    0.00000    2.18632  300.00000   18.78423    0.00000    0.00000    0.00000  180.00000    2.00000
 20604016    0.00000    2.20461  300.00000   18.57306    0.00000    0.00000    0.00000  180.00000    2.00000
 20604017    0.00000    2.22293  300.00000   18.36536    0.00000    0.00000    0.00000  180.00000    2.00000
 20604018    0.00000    2.24128  300.00000   18.16107    0.00000    0.00000    0.00000  180.00000    2.00000
 20605001    0.00000    1.93382  300.00000   22.20943    0.00000    0.00000    0.00000  205.71000    2.00000
 20605002    0.00000    1.95160  300.00000   21.93924    0.00000    0.00000    0.00000  205.71000    2.00000
 20605003    0.00000    1.96942  300.00000   21.67394    0.00000    0.00000    0.00000  205.71000    2.00000
 20605004    0.00000    1.98728  300.00000   21.41340    0.00000    0.00000    0.00000  205.71000    2.00000
 20605005    0.00000    2.00519  300.00000   21.15752    0.00000    0.00000    0.00000  205.71000    2.00000
 20605006    0.00000    2.02313  300.00000   20.90616    0.00000    0.00000    0.00000  205.71000    2.00000
 20605007    0.00000    2.04111  300.00000   20.65923    0.00000    0.00000    0.00000  205.71000    2.00000
 20605008    0.00000    2.05913  300.00000   20.41662    0.00000    0.00000    0.00000  205.71000    2.00000
 20605009    0.00000    2.07718  300.00000   20.17822    0.00000    0.00000    0.00000  205.71000    2.00000
 20605010    0.00000    2.09527  300.00000   19.94393    0.00000    0.00000    0.00000  205.71000    2.00000
 20605011    0.00000    2.11339  300.00000   19.71366    0.00000    0.00000    0.00000  205.71000    2.00000
 20605012    0.00000    2.13155  300.00000   19.48731    0.00000    0.00000    0.00000  205.71000    2.00000
 20605013    0.00000    2.14974  300.00000   19.26478    0.00000    0.00000    0.00000  205.71000    2.00000
 20605014    0.00000    2.16796  300.00000   19.04600    0.00000    0.00000    0.00000  205.71000    2.00000
 20605015    0.00000    2.18621  300.00000   18.83086    0.00000    0.00000    0.00000  205.71000    2.00000
 20605016    0.00000    2.20450  300.00000   18.61929    0.00000    0.00000    0.00000  205.71000    2.00000
 20605017    0.00000    2.22281  300.00000   18.41121    0.00000    0.00000    0.00000  205.71000    2.00000
 20605018    0.00000    2.24115  300.00000   18.20653    0.00000    0.00000    0.00000  205.71000    2.00000
 20606001    0.00000    1.93382  300.00000   22.23594    0.00000    0.00000    0.00000  231.42000    2.00000
 20606002    0.00000    1.95159  300.00000   21.96551    0.00000    0.00000    0.00000  231.42000    2.00000
 20606003    0.00000    1.96941  300.00000   21.69997    0.00000    0.00000    0.00000  231.42000    2.00000
 20606004    0.00000    1.98727  300.00000   21.43920    0.00000    0.00000    0.00000  231.42000    2.00000
 20606005    0.00000    2.00517  300.00000   21.18308    0.00000    0.00000    0.00000  231.42000    2.00000
 20606006    0.00000    2.02311  300.00000   20.93150    0.00000    0.00000    0.00000  231.42000    2.00000
 20606007    0.00000    2.04108  300.00000   20.68434    0.00000    0.00000    0.00000  231.42000    2.00000
 20606008    0.00000    2.05909  300.00000   20.44150    0.00000    0.00000    0.00000  231.42000    2.00000
 20606009    0.00000    2.07714  300.00000   20.20288    0.00000    0.00000    0.00000  231.42000    2.00000
 20606010    0.00000    2.09523  300.00000   19.96838    0.00000    0.00000    0.00000  231.42000    2.00000
 20606011    0.00000    2.11335  300.00000   19.73789    0.00000    0.00000    0.00000  231.42000    2.00000
 20606012    0.00000    2.13150  300.00000   19.51133    0.00000    0.00000    0.00000  231.42000    2.00000
 20606013    0.00000    2.14969  300.00000   19.28860    0.00000    0.00000    0.00000  231.42000    2.00000
 20606014    0.00000    2.16791  300.00000   19.06961    0.00000    0.00000    0.00000  231.42000    2.00000
 20606015    0.00000    2.18616  300.00000   18.85427    0.00000    0.00000    0.00000  231.42000    2.00000
 20606016    0.00000    2.20444  300.00000   18.64250    0.00000    0.00000    0.00000  231.42000    2.00000
 20606017    0.00000    2.22275  300.00000   18.43422    0.00000    0.00000    0.00000  231.42000    2.00000
 20606018    0.00000    2.24108  300.00000   18.22934    0.00000    0.00000    0.00000  231.42000    2.00000
 20701001    0.00000    1.52193  300.00000   29.08536    0.00000    0.00000    0.00000  102.87000    2.00000
 20701002    0.00000    1.53959  300.00000   28.73378    0.00000    0.00000    0.00000  102.87000    2.00000
 20701003    0.00000    1.55730  300.00000   28.39019    0.00000    0.00000    0.00000  102.87000    2.00000
 20701004    0.00000    1.57507  300.00000   28.05434    0.00000    0.00000    0.00000  102.87000    2.00000
 20701005    0.00000    1.59289  300.00000   27.72599    0.00000    0.00000    0.00000  102.87000    2.00000
 20701006    0.00000    1.61077  300.00000   27.40492    0.00000    0.00000    0.00000  102.87000    2.00000
 20701007    0.00000    1.62869  300.00000   27.09090    0.00000    0.00000    0.00000  102.87000    2.00000
 20701008    0.00000    1.64666  300.00000   26.78373    0.00000    0.00000    0.00000  102.87000    2.00000
 20701009    0.00000    1.66467  300.00000   26.48320    0.00000    0.00000    0.00000  102.87000    2.00000
 20701010    0.00000    1.68274  300.00000   26.18912    0.00000    0.00000    0.00000  102.87000    2.00000
 20701011    0.00000    1.70084  300.00000   25.90128    0.00000    0.00000    0.00000  102.87000    2.00000
 20701012    0.00000    1.71899  300.00000   25.61952    0.00000    0.00000    0.00000  102.87000    2.00000
 20701013    0.00000    1.73717  300.00000   25.34365    0.00000    0.00000    0.00000  102.87000    2.00000
 20701014    0.00000    1.75540  300.00000   25.07350    0.00000    0.00000    0.00000  102.87000    2.00000
 20701015    0.00000    1.77367  300.00000   24.80892    0.00000    0.00000    0.00000  102.87000    2.00000
 20701016    0.00000    1.79197  300.00000   24.54973    0.00000    0.00000    0.00000  102.87000    2.00000
 20701017    0.00000    1.81030  300.00000   24.29578    0.00000    0.00000    0.00000  102.87000    2.00000
 20701018    0.00000    1.82868  300.00000   24.04694    0.00000    0.00000    0.00000  102.87000    2.00000
 20703001    0.00000    1.52195  300.00000   28.90036    0.00000    0.00000    0.00000  154.29000    2.00000
 20703002    0.00000    1.53964  300.00000   28.55092    0.00000    0.00000    0.00000  154.29000    2.00000
 20703003    0.00000    1.55738  300.00000   28.20942    0.00000    0.00000    0.00000  154.29000    2.00000
 20703004    0.00000    1.57518  300.00000   27.87563    0.00000    0.00000    0.00000  154.29000    2.00000
 20703005    0.00000    1.59303  300.00000   27.54931    0.00000    0.00000    0.00000  154.29000    2.00000
 20703006    0.00000    1.61093  300.00000   27.23022    0.00000    0.00000    0.00000  154.29000    2.00000
 20703007    0.00000    1.62887  300.00000   26.91817    0.00000    0.00000    0.00000  154.29000    2.00000
 20703008    0.00000    1.64687  300.00000   26.61292    0.00000    0.00000    0.00000  154.29000    2.00000
 20703009    0.00000    1.66491  300.00000   26.31428    0.00000    0.00000    0.00000  154.29000    2.00000
 20703010    0.00000    1.68300  300.00000   26.02205    0.00000    0.00000    0.00000  154.29000    2.00000
 20703011    0.00000    1.70113  300.00000   25.73604    0.00000    0.00000    0.00000  154.29000    2.00000
 20703012    0.00000    1.71930  300.00000   25.45608    0.00000    0.00000    0.00000  154.29000    2.00000
 20703013    0.00000    1.73751  300.00000   25.18197    0.00000    0.00000    0.00000  154.29000    2.00000
 20703014    0.00000    1.75576  300.00000   24.91355    0.00000    0.00000    0.00000  154.29000    2.00000
 20703015    0.00000    1.77405  300.00000   24.65067    0.00000    0.00000    0.00000  154.29000    2.00000
 20703016    0.00000    1.79237  300.00000   24.39315    0.00000    0.00000    0.00000  154.29000    2.00000
 20703017    0.00000    1.81073  300.00000   24.14085    0.00000    0.00000    0.00000  154.29000    2.00000
 20703018    0.00000    1.82912  300.00000   23.89362    0.00000    0.00000    0.00000  154.29000    2.00000
 20704001    0.00000    1.52194  300.00000   28.96742    0.00000    0.00000    0.00000  180.00000    2.00000
 20704002    0.00000    1.53962  300.00000   28.61720    0.00000    0.00000    0.00000  180.00000    2.00000
 20704003    0.00000    1.55735  300.00000   28.27494    0.00000    0.00000    0.00000  180.00000    2.00000
 20704004    0.00000    1.57514  300.00000   27.94040    0.00000    0.00000    0.00000  180.00000    2.00000
 20704005    0.00000    1.59298  300.00000   27.61335    0.00000    0.00000    0.00000  180.00000    2.00000
 20704006    0.00000    1.61087  300.00000   27.29354    0.00000    0.00000    0.00000  180.00000    2.00000
 20704007    0.00000    1.62881  300.00000   26.98078    0.00000    0.00000    0.00000  180.00000    2.00000
 20704008    0.00000    1.64679  300.00000   26.67483    0.00000    0.00000    0.00000  180.00000    2.00000
 20704009    0.00000    1.66483  300.00000   26.37551    0.00000    0.00000    0.00000  180.00000    2.00000
 20704010    0.00000    1.68290  300.00000   26.08260    0.00000    0.00000    0.00000  180.00000    2.00000
 20704011    0.00000    1.70102  300.00000   25.79593    0.00000    0.00000    0.00000  180.00000    2.00000
 20704012    0.00000    1.71919  300.00000   25.51532    0.00000    0.00000    0.00000  180.00000    2.00000
 20704013    0.00000    1.73739  300.00000   25.24057    0.00000    0.00000    0.00000  180.00000    2.00000
 20704014    0.00000    1.75563  300.00000   24.97153    0.00000    0.00000    0.00000  180.00000    2.00000
 20704015    0.00000    1.77391  300.00000   24.70802    0.00000    0.00000    0.00000  180.00000    2.00000
 20704016    0.00000    1.79222  300.00000   24.44990    0.00000    0.00000    0.00000  180.00000    2.00000
 20704017    0.00000    1.81058  300.00000   24.19700    0.00000    0.00000    0.00000  180.00000    2.00000
 20704018    0.00000    1.82896  300.00000   23.94919    0.00000    0.00000    0.00000  180.00000    2.00000
 20705001    0.00000    1.52194  300.00000   28.96742    0.00000    0.00000    0.00000  205.71000    2.00000
 20705002    0.00000    1.53962  300.00000   28.61720    0.00000    0.00000    0.00000  205.71000    2.00000
 20705003    0.00000    1.55735  300.00000   28.27494    0.00000    0.00000    0.00000  205.71000    2.00000
 20705004    0.00000    1.57514  300.00000   27.94040    0.00000    0.00000    0.00000  205.71000    2.00000
 20705005    0.00000    1.59298  300.00000   27.61335    0.00000    0.00000    0.00000  205.71000    2.00000
 20705006    0.00000    1.61087  300.00000   27.29354    0.00000    0.00000    0.00000  205.71000    2.00000
 20705007    0.00000    1.62881  300.00000   26.98078    0.00000    0.00000    0.00000  205.71000    2.00000
 20705008    0.00000    1.64679  300.00000   26.67483    0.00000    0.00000    0.00000  205.71000    2.00000
 20705009    0.00000    1.66483  300.00000   26.37551    0.00000    0.00000    0.00000  205.71000    2.00000
 20705010    0.00000    1.68290  300.00000   26.08260    0.00000    0.00000    0.00000  205.71000    2.00000
 20705011    0.00000    1.70102  300.00000   25.79593    0.00000    0.00000    0.00000  205.71000    2.00000
 20705012    0.00000    1.71919  300.00000   25.51532    0.00000    0.00000    0.00000  205.71000    2.00000
 20705013    0.00000    1.73739  300.00000   25.24057    0.00000    0.00000    0.00000  205.71000    2.00000
 20705014    0.00000    1.75563  300.00000   24.97153    0.00000    0.00000    0.00000  205.71000    2.00000
 20705015    0.00000    1.77391  300.00000   24.70802    0.00000    0.00000    0.00000  205.71000    2.00000
 20705016    0.00000    1.79222  300.00000   24.44990    0.00000    0.00000    0.00000  205.71000    2.00000
 20705017    0.00000    1.81058  300.00000   24.19700    0.00000    0.00000    0.00000  205.71000    2.00000
 20705018    0.00000    1.82896  300.00000   23.94919    0.00000    0.00000    0.00000  205.71000    2.00000
 20706001    0.00000    1.52193  300.00000   29.09696    0.00000    0.00000    0.00000  231.42000    2.00000
 20706002    0.00000    1.53959  300.00000   28.74525    0.00000    0.00000    0.00000  231.42000    2.00000
 20706003    0.00000    1.55730  300.00000   28.40153    0.00000    0.00000    0.00000  231.42000    2.00000
 20706004    0.00000    1.57507  300.00000   28.06555    0.00000    0.00000    0.00000  231.42000    2.00000
 20706005    0.00000    1.59289  300.00000   27.73707    0.00000    0.00000    0.00000  231.42000    2.00000
 20706006    0.00000    1.61076  300.00000   27.41588    0.00000    0.00000    0.00000  231.42000    2.00000
 20706007    0.00000    1.62868  300.00000   27.10174    0.00000    0.00000    0.00000  231.42000    2.00000
 20706008    0.00000    1.64665  300.00000   26.79445    0.00000    0.00000    0.00000  231.42000    2.00000
 20706009    0.00000    1.66466  300.00000   26.49380    0.00000    0.00000    0.00000  231.42000    2.00000
 20706010    0.00000    1.68272  300.00000   26.19960    0.00000    0.00000    0.00000  231.42000    2.00000
 20706011    0.00000    1.70082  300.00000   25.91165    0.00000    0.00000    0.00000  231.42000    2.00000
 20706012    0.00000    1.71897  300.00000   25.62978    0.00000    0.00000    0.00000  231.42000    2.00000
 20706013    0.00000    1.73715  300.00000   25.35380    0.00000    0.00000    0.00000  231.42000    2.00000
 20706014    0.00000    1.75538  300.00000   25.08354    0.00000    0.00000    0.00000  231.42000    2.00000
 20706015    0.00000    1.77364  300.00000   24.81884    0.00000    0.00000    0.00000  231.42000    2.00000
 20706016    0.00000    1.79194  300.00000   24.55955    0.00000    0.00000    0.00000  231.42000    2.00000
 20706017    0.00000    1.81028  300.00000   24.30550    0.00000    0.00000    0.00000  231.42000    2.00000
 20706018    0.00000    1.82865  300.00000   24.05656    0.00000    0.00000    0.00000  231.42000    2.00000
 20801001    0.00000    1.10393  300.00000   40.46205    0.00000    0.00000    0.00000  102.87000    2.00000
 20801002    0.00000    1.11902  300.00000   39.78537    0.00000    0.00000    0.00000  102.87000    2.00000
 20801003    0.00000    1.13426  300.00000   39.12678    0.00000    0.00000    0.00000  102.87000    2.00000
 20801004    0.00000    1.14964  300.00000   38.48573    0.00000    0.00000    0.00000  102.87000    2.00000
 20801005    0.00000    1.16517  300.00000   37.86170    0.00000    0.00000    0.00000  102.87000    2.00000
 20801006    0.00000    1.18083  300.00000   37.25415    0.00000    0.00000    0.00000  102.87000    2.00000
 20801007    0.00000    1.19663  300.00000   36.66257    0.00000    0.00000    0.00000  102.87000    2.00000
 20801008    0.00000    1.21254  300.00000   36.08646    0.00000    0.00000    0.00000  102.87000    2.00000
 20801009    0.00000    1.22858  300.00000   35.52533    0.00000    0.00000    0.00000  102.87000    2.00000
 20801010    0.00000    1.24473  300.00000   34.97871    0.00000    0.00000    0.00000  102.87000    2.00000
 20801011    0.00000    1.26099  300.00000   34.44614    0.00000    0.00000    0.00000  102.87000    2.00000
 20801012    0.00000    1.27735  300.00000   33.92718    0.00000    0.00000    0.00000  102.87000    2.00000
 20801013    0.00000    1.29382  300.00000   33.42138    0.00000    0.00000    0.00000  102.87000    2.00000
 20801014    0.00000    1.31039  300.00000   32.92834    0.00000    0.00000    0.00000  102.87000    2.00000
 20801015    0.00000    1.32705  300.00000   32.44764    0.00000    0.00000    0.00000  102.87000    2.00000
 20801016    0.00000    1.34380  300.00000   31.97890    0.00000    0.00000    0.00000  102.87000    2.00000
 20801017    0.00000    1.36064  300.00000   31.52173    0.00000    0.00000    0.00000  102.87000    2.00000
 20801018    0.00000    1.37757  300.00000   31.07576    0.00000    0.00000    0.00000  102.87000    2.00000
 20803001    0.00000    1.10396  300.00000   40.17246    0.00000    0.00000    0.00000  154.29000    2.00000
 20803002    0.00000    1.11912  300.00000   39.49972    0.00000    0.00000    0.00000  154.29000    2.00000
 20803003    0.00000    1.13442  300.00000   38.84506    0.00000    0.00000    0.00000  154.29000    2.00000
 20803004    0.00000    1.14987  300.00000   38.20790    0.00000    0.00000    0.00000  154.29000    2.00000
 20803005    0.00000    1.16546  300.00000   37.58771    0.00000    0.00000    0.00000  154.29000    2.00000
 20803006    0.00000    1.18118  300.00000   36.98396    0.00000    0.00000    0.00000  154.29000    2.00000
 20803007    0.00000    1.19703  300.00000   36.39614    0.00000    0.00000    0.00000  154.29000    2.00000
 20803008    0.00000    1.21300  300.00000   35.82374    0.00000    0.00000    0.00000  154.29000    2.00000
 20803009    0.00000    1.22909  300.00000   35.26626    0.00000    0.00000    0.00000  154.29000    2.00000
 20803010    0.00000    1.24529  300.00000   34.72325    0.00000    0.00000    0.00000  154.29000    2.00000
 20803011    0.00000    1.26160  300.00000   34.19422    0.00000    0.00000    0.00000  154.29000    2.00000
 20803012    0.00000    1.27802  300.00000   33.67875    0.00000    0.00000    0.00000  154.29000    2.00000
 20803013    0.00000    1.29454  300.00000   33.17639    0.00000    0.00000    0.00000  154.29000    2.00000
 20803014    0.00000    1.31115  300.00000   32.68673    0.00000    0.00000    0.00000  154.29000    2.00000
 20803015    0.00000    1.32786  300.00000   32.20935    0.00000    0.00000    0.00000  154.29000    2.00000
 20803016    0.00000    1.34465  300.00000   31.74387    0.00000    0.00000    0.00000  154.29000    2.00000
 20803017    0.00000    1.36154  300.00000   31.28990    0.00000    0.00000    0.00000  154.29000    2.00000
 20803018    0.00000    1.37851  300.00000   30.84708    0.00000    0.00000    0.00000  154.29000    2.00000
 20804001    0.00000    1.10394  300.00000   40.34514    0.00000    0.00000    0.00000  180.00000    2.00000
 20804002    0.00000    1.11906  300.00000   39.67005    0.00000    0.00000    0.00000  180.00000    2.00000
 20804003    0.00000    1.13432  300.00000   39.01304    0.00000    0.00000    0.00000  180.00000    2.00000
 20804004    0.00000    1.14974  300.00000   38.37357    0.00000    0.00000    0.00000  180.00000    2.00000
 20804005    0.00000    1.16529  300.00000   37.75108    0.00000    0.00000    0.00000  180.00000    2.00000
 20804006    0.00000    1.18097  300.00000   37.14507    0.00000    0.00000    0.00000  180.00000    2.00000
 20804007    0.00000    1.19679  300.00000   36.55500    0.00000    0.00000    0.00000  180.00000    2.00000
 20804008    0.00000    1.21273  300.00000   35.98039    0.00000    0.00000    0.00000  180.00000    2.00000
 20804009    0.00000    1.22878  300.00000   35.42073    0.00000    0.00000    0.00000  180.00000    2.00000
 20804010    0.00000    1.24495  300.00000   34.87557    0.00000    0.00000    0.00000  180.00000    2.00000
 20804011    0.00000    1.26123  300.00000   34.34443    0.00000    0.00000    0.00000  180.00000    2.00000
 20804012    0.00000    1.27762  300.00000   33.82688    0.00000    0.00000    0.00000  180.00000    2.00000
 20804013    0.00000    1.29411  300.00000   33.32247    0.00000    0.00000    0.00000  180.00000    2.00000
 20804014    0.00000    1.31070  300.00000   32.83079    0.00000    0.00000    0.00000  180.00000    2.00000
 20804015    0.00000    1.32738  300.00000   32.35143    0.00000    0.00000    0.00000  180.00000    2.00000
 20804016    0.00000    1.34415  300.00000   31.88400    0.00000    0.00000    0.00000  180.00000    2.00000
 20804017    0.00000    1.36100  300.00000   31.42812    0.00000    0.00000    0.00000  180.00000    2.00000
 20804018    0.00000    1.37795  300.00000   30.98343    0.00000    0.00000    0.00000  180.00000    2.00000
 20805001    0.00000    1.10393  300.00000   40.46205    0.00000    0.00000    0.00000  205.71000    2.00000
 20805002    0.00000    1.11902  300.00000   39.78537    0.00000    0.00000    0.00000  205.71000    2.00000
 20805003    0.00000    1.13426  300.00000   39.12678    0.00000    0.00000    0.00000  205.71000    2.00000
 20805004    0.00000    1.14964  300.00000   38.48573    0.00000    0.00000    0.00000  205.71000    2.00000
 20805005    0.00000    1.16517  300.00000   37.86170    0.00000    0.00000    0.00000  205.71000    2.00000
 20805006    0.00000    1.18083  300.00000   37.25415    0.00000    0.00000    0.00000  205.71000    2.00000
 20805007    0.00000    1.19663  300.00000   36.66257    0.00000    0.00000    0.00000  205.71000    2.00000
 20805008    0.00000    1.21254  300.00000   36.08646    0.00000    0.00000    0.00000  205.71000    2.00000
 20805009    0.00000    1.22858  300.00000   35.52533    0.00000    0.00000    0.00000  205.71000    2.00000
 20805010    0.00000    1.24473  300.00000   34.97871    0.00000    0.00000    0.00000  205.71000    2.00000
 20805011    0.00000    1.26099  300.00000   34.44614    0.00000    0.00000    0.00000  205.71000    2.00000
 20805012    0.00000    1.27735  300.00000   33.92718    0.00000    0.00000    0.00000  205.71000    2.00000
 20805013    0.00000    1.29382  300.00000   33.42138    0.00000    0.00000    0.00000  205.71000    2.00000
 20805014    0.00000    1.31039  300.00000   32.92834    0.00000    0.00000    0.00000  205.71000    2.00000
 20805015    0.00000    1.32705  300.00000   32.44764    0.00000    0.00000    0.00000  205.71000    2.00000
 20805016    0.00000    1.34380  300.00000   31.97890    0.00000    0.00000    0.00000  205.71000    2.00000
 20805017    0.00000    1.36064  300.00000   31.52173    0.00000    0.00000    0.00000  205.71000    2.00000
 20805018    0.00000    1.37757  300.00000   31.07576    0.00000    0.00000    0.00000  205.71000    2.00000
 20806001    0.00000    1.10392  300.00000   40.55301    0.00000    0.00000    0.00000  231.42000    2.00000
 20806002    0.00000    1.11898  300.00000   39.87508    0.00000    0.00000    0.00000  231.42000    2.00000
 20806003    0.00000    1.13421  300.00000   39.21526    0.00000    0.00000    0.00000  231.42000    2.00000
 20806004    0.00000    1.14957  300.00000   38.57300    0.00000    0.00000    0.00000  231.42000    2.00000
 20806005    0.00000    1.16508  300.00000   37.94776    0.00000    0.00000    0.00000  231.42000    2.00000
 20806006    0.00000    1.18073  300.00000   37.33902    0.00000    0.00000    0.00000  231.42000    2.00000
 20806007    0.00000    1.19650  300.00000   36.74626    0.00000    0.00000    0.00000  231.42000    2.00000
 20806008    0.00000    1.21240  300.00000   36.16899    0.00000    0.00000    0.00000  231.42000    2.00000
 20806009    0.00000    1.22841  300.00000   35.60671    0.00000    0.00000    0.00000  231.42000    2.00000
 20806010    0.00000    1.24455  300.00000   35.05897    0.00000    0.00000    0.00000  231.42000    2.00000
 20806011    0.00000    1.26079  300.00000   34.52528    0.00000    0.00000    0.00000  231.42000    2.00000
 20806012    0.00000    1.27714  300.00000   34.00522    0.00000    0.00000    0.00000  231.42000    2.00000
 20806013    0.00000    1.29359  300.00000   33.49835    0.00000    0.00000    0.00000  231.42000    2.00000
 20806014    0.00000    1.31015  300.00000   33.00425    0.00000    0.00000    0.00000  231.42000    2.00000
 20806015    0.00000    1.32679  300.00000   32.52250    0.00000    0.00000    0.00000  231.42000    2.00000
 20806016    0.00000    1.34353  300.00000   32.05274    0.00000    0.00000    0.00000  231.42000    2.00000
 20806017    0.00000    1.36036  300.00000   31.59456    0.00000    0.00000    0.00000  231.42000    2.00000
 20806018    0.00000    1.37727  300.00000   31.14760    0.00000    0.00000    0.00000  231.42000    2.00000
 30204001    0.00000    4.81595  300.00000    5.31626    0.00000    0.00000    0.00000    0.00000    2.00000
 30204002    0.00000    4.83396  300.00000    5.21318    0.00000    0.00000    0.00000    0.00000    2.00000
 30204003    0.00000    4.85197  300.00000    5.11089    0.00000    0.00000    0.00000    0.00000    2.00000
 30204004    0.00000    4.87000  300.00000    5.00937    0.00000    0.00000    0.00000    0.00000    2.00000
 30204005    0.00000    4.88805  300.00000    4.90862    0.00000    0.00000    0.00000    0.00000    2.00000
 30204006    0.00000    4.90611  300.00000    4.80863    0.00000    0.00000    0.00000    0.00000    2.00000
 30204007    0.00000    4.92419  300.00000    4.70940    0.00000    0.00000    0.00000    0.00000    2.00000
 30204008    0.00000    4.94228  300.00000    4.61091    0.00000    0.00000    0.00000    0.00000    2.00000
 30204009    0.00000    4.96039  300.00000    4.51317    0.00000    0.00000    0.00000    0.00000    2.00000
 30204010    0.00000    4.97851  300.00000    4.41616    0.00000    0.00000    0.00000    0.00000    2.00000
 30204011    0.00000    4.99665  300.00000    4.31988    0.00000    0.00000    0.00000    0.00000    2.00000
 30204012    0.00000    5.01480  300.00000    4.22432    0.00000    0.00000    0.00000    0.00000    2.00000
 30204013    0.00000    5.03296  300.00000    4.12948    0.00000    0.00000    0.00000    0.00000    2.00000
 30204014    0.00000    5.05114  300.00000    4.03535    0.00000    0.00000    0.00000    0.00000    2.00000
 30204015    0.00000    5.06933  300.00000    3.94193    0.00000    0.00000    0.00000    0.00000    2.00000
 30204016    0.00000    5.08753  300.00000    3.84921    0.00000    0.00000    0.00000    0.00000    2.00000
 30204017    0.00000    5.10575  300.00000    3.75718    0.00000    0.00000    0.00000    0.00000    2.00000
 30204018    0.00000    5.12398  300.00000    3.66585    0.00000    0.00000    0.00000    0.00000    2.00000
 30206001    0.00000    4.81596  300.00000    5.21996    0.00000    0.00000    0.00000  -51.42000    2.00000
 30206002    0.00000    4.83398  300.00000    5.11726    0.00000    0.00000    0.00000  -51.42000    2.00000
 30206003    0.00000    4.85201  300.00000    5.01535    0.00000    0.00000    0.00000  -51.42000    2.00000
 30206004    0.00000    4.87005  300.00000    4.91421    0.00000    0.00000    0.00000  -51.42000    2.00000
 30206005    0.00000    4.88812  300.00000    4.81383    0.00000    0.00000    0.00000  -51.42000    2.00000
 30206006    0.00000    4.90619  300.00000    4.71422    0.00000    0.00000    0.00000  -51.42000    2.00000
 30206007    0.00000    4.92428  300.00000    4.61536    0.00000    0.00000    0.00000  -51.42000    2.00000
 30206008    0.00000    4.94239  300.00000    4.51724    0.00000    0.00000    0.00000  -51.42000    2.00000
 30206009    0.00000    4.96051  300.00000    4.41987    0.00000    0.00000    0.00000  -51.42000    2.00000
 30206010    0.00000    4.97865  300.00000    4.32323    0.00000    0.00000    0.00000  -51.42000    2.00000
 30206011    0.00000    4.99679  300.00000    4.22732    0.00000    0.00000    0.00000  -51.42000    2.00000
 30206012    0.00000    5.01496  300.00000    4.13214    0.00000    0.00000    0.00000  -51.42000    2.00000
 30206013    0.00000    5.03314  300.00000    4.03767    0.00000    0.00000    0.00000  -51.42000    2.00000
 30206014    0.00000    5.05133  300.00000    3.94391    0.00000    0.00000    0.00000  -51.42000    2.00000
 30206015    0.00000    5.06953  300.00000    3.85086    0.00000    0.00000    0.00000  -51.42000    2.00000
 30206016    0.00000    5.08775  300.00000    3.75851    0.00000    0.00000    0.00000  -51.42000    2.00000
 30206017    0.00000    5.10598  300.00000    3.66685    0.00000    0.00000    0.00000  -51.42000    2.00000
 30206018    0.00000    5.12423  300.00000    3.57589    0.00000    0.00000    0.00000  -51.42000    2.00000
 30401001    0.00000    3.59782  300.00000   11.44543    0.00000    0.00000    0.00000   77.13000    2.00000
 30401002    0.00000    3.61577  300.00000   11.30547    0.00000    0.00000    0.00000   77.13000    2.00000
 30401003    0.00000    3.63374  300.00000   11.16691    0.00000    0.00000    0.00000   77.13000    2.00000
 30401004    0.00000    3.65173  300.00000   11.02971    0.00000    0.00000    0.00000   77.13000    2.00000
 30401005    0.00000    3.66975  300.00000   10.89386    0.00000    0.00000    0.00000   77.13000    2.00000
 30401006    0.00000    3.68778  300.00000   10.75934    0.00000    0.00000    0.00000   77.13000    2.00000
 30401007    0.00000    3.70584  300.00000   10.62614    0.00000    0.00000    0.00000   77.13000    2.00000
 30401008    0.00000    3.72391  300.00000   10.49423    0.00000    0.00000    0.00000   77.13000    2.00000
 30401009    0.00000    3.74201  300.00000   10.36360    0.00000    0.00000    0.00000   77.13000    2.00000
 30401010    0.00000    3.76012  300.00000   10.23423    0.00000    0.00000    0.00000   77.13000    2.00000
 30401011    0.00000    3.77826  300.00000   10.10610    0.00000    0.00000    0.00000   77.13000    2.00000
 30401012    0.00000    3.79641  300.00000    9.97921    0.00000    0.00000    0.00000   77.13000    2.00000
 30401013    0.00000    3.81458  300.00000    9.85352    0.00000    0.00000    0.00000   77.13000    2.00000
 30401014    0.00000    3.83277  300.00000    9.72903    0.00000    0.00000    0.00000   77.13000    2.00000
 30401015    0.00000    3.85097  300.00000    9.60572    0.00000    0.00000    0.00000   77.13000    2.00000
 30401016    0.00000    3.86920  300.00000    9.48357    0.00000    0.00000    0.00000   77.13000    2.00000
 30401017    0.00000    3.88744  300.00000    9.36258    0.00000    0.00000    0.00000   77.13000    2.00000
 30401018    0.00000    3.90570  300.00000    9.24272    0.00000    0.00000    0.00000   77.13000    2.00000
 30404001    0.00000    3.59781  300.00000   11.57320    0.00000    0.00000    0.00000    0.00000    2.00000
 30404002    0.00000    3.61574  300.00000   11.43260    0.00000    0.00000    0.00000    0.00000    2.00000
 30404003    0.00000    3.63369  300.00000   11.29340    0.00000    0.00000    0.00000    0.00000    2.00000
 30404004    0.00000    3.65167  300.00000   11.15558    0.00000    0.00000    0.00000    0.00000    2.00000
 30404005    0.00000    3.66966  300.00000   11.01910    0.00000    0.00000    0.00000    0.00000    2.00000
 30404006    0.00000    3.68768  300.00000   10.88396    0.00000    0.00000    0.00000    0.00000    2.00000
 30404007    0.00000    3.70571  300.00000   10.75014    0.00000    0.00000    0.00000    0.00000    2.00000
 30404008    0.00000    3.72377  300.00000   10.61762    0.00000    0.00000    0.00000    0.00000    2.00000
 30404009    0.00000    3.74185  300.00000   10.48639    0.00000    0.00000    0.00000    0.00000    2.00000
 30404010    0.00000    3.75994  300.00000   10.35641    0.00000    0.00000    0.00000    0.00000    2.00000
 30404011    0.00000    3.77806  300.00000   10.22769    0.00000    0.00000    0.00000    0.00000    2.00000
 30404012    0.00000    3.79619  300.00000   10.10020    0.00000    0.00000    0.00000    0.00000    2.00000
 30404013    0.00000    3.81434  300.00000    9.97393    0.00000    0.00000    0.00000    0.00000    2.00000
 30404014    0.00000    3.83252  300.00000    9.84885    0.00000    0.00000    0.00000    0.00000    2.00000
 30404015    0.00000    3.85071  300.00000    9.72496    0.00000    0.00000    0.00000    0.00000    2.00000
 30404016    0.00000    3.86891  300.00000    9.60224    0.00000    0.00000    0.00000    0.00000    2.00000
 30404017    0.00000    3.88714  300.00000    9.48067    0.00000    0.00000    0.00000    0.00000    2.00000
 30404018    0.00000    3.90538  300.00000    9.36024    0.00000    0.00000    0.00000    0.00000    2.00000
 30405001    0.00000    3.59781  300.00000   11.56683    0.00000    0.00000    0.00000  -25.71000    2.00000
 30405002    0.00000    3.61574  300.00000   11.42627    0.00000    0.00000    0.00000  -25.71000    2.00000
 30405003    0.00000    3.63369  300.00000   11.28710    0.00000    0.00000    0.00000  -25.71000    2.00000
 30405004    0.00000    3.65167  300.00000   11.14930    0.00000    0.00000    0.00000  -25.71000    2.00000
 30405005    0.00000    3.66967  300.00000   11.01286    0.00000    0.00000    0.00000  -25.71000    2.00000
 30405006    0.00000    3.68768  300.00000   10.87775    0.00000    0.00000    0.00000  -25.71000    2.00000
 30405007    0.00000    3.70572  300.00000   10.74396    0.00000    0.00000    0.00000  -25.71000    2.00000
 30405008    0.00000    3.72378  300.00000   10.61147    0.00000    0.00000    0.00000  -25.71000    2.00000
 30405009    0.00000    3.74186  300.00000   10.48027    0.00000    0.00000    0.00000  -25.71000    2.00000
 30405010    0.00000    3.75995  300.00000   10.35032    0.00000    0.00000    0.00000  -25.71000    2.00000
 30405011    0.00000    3.77807  300.00000   10.22163    0.00000    0.00000    0.00000  -25.71000    2.00000
 30405012    0.00000    3.79620  300.00000   10.09417    0.00000    0.00000    0.00000  -25.71000    2.00000
 30405013    0.00000    3.81436  300.00000    9.96792    0.00000    0.00000    0.00000  -25.71000    2.00000
 30405014    0.00000    3.83253  300.00000    9.84288    0.00000    0.00000    0.00000  -25.71000    2.00000
 30405015    0.00000    3.85072  300.00000    9.71902    0.00000    0.00000    0.00000  -25.71000    2.00000
 30405016    0.00000    3.86893  300.00000    9.59632    0.00000    0.00000    0.00000  -25.71000    2.00000
 30405017    0.00000    3.88715  300.00000    9.47478    0.00000    0.00000    0.00000  -25.71000    2.00000
 30405018    0.00000    3.90539  300.00000    9.35438    0.00000    0.00000    0.00000  -25.71000    2.00000
 30406001    0.00000    3.59783  300.00000   11.25777    0.00000    0.00000    0.00000  -51.42000    2.00000
 30406002    0.00000    3.61581  300.00000   11.11875    0.00000    0.00000    0.00000  -51.42000    2.00000
 30406003    0.00000    3.63381  300.00000   10.98112    0.00000    0.00000    0.00000  -51.42000    2.00000
 30406004    0.00000    3.65183  300.00000   10.84485    0.00000    0.00000    0.00000  -51.42000    2.00000
 30406005    0.00000    3.66988  300.00000   10.70992    0.00000    0.00000    0.00000  -51.42000    2.00000
 30406006    0.00000    3.68794  300.00000   10.57631    0.00000    0.00000    0.00000  -51.42000    2.00000
 30406007    0.00000    3.70602  300.00000   10.44402    0.00000    0.00000    0.00000  -51.42000    2.00000
 30406008    0.00000    3.72412  300.00000   10.31301    0.00000    0.00000    0.00000  -51.42000    2.00000
 30406009    0.00000    3.74225  300.00000   10.18327    0.00000    0.00000    0.00000  -51.42000    2.00000
 30406010    0.00000    3.76039  300.00000   10.05478    0.00000    0.00000    0.00000  -51.42000    2.00000
 30406011    0.00000    3.77855  300.00000    9.92753    0.00000    0.00000    0.00000  -51.42000    2.00000
 30406012    0.00000    3.79672  300.00000    9.80151    0.00000    0.00000    0.00000  -51.42000    2.00000
 30406013    0.00000    3.81492  300.00000    9.67669    0.00000    0.00000    0.00000  -51.42000    2.00000
 30406014    0.00000    3.83313  300.00000    9.55306    0.00000    0.00000    0.00000  -51.42000    2.00000
 30406015    0.00000    3.85137  300.00000    9.43060    0.00000    0.00000    0.00000  -51.42000    2.00000
 30406016    0.00000    3.86962  300.00000    9.30930    0.00000    0.00000    0.00000  -51.42000    2.00000
 30406017    0.00000    3.88788  300.00000    9.18915    0.00000    0.00000    0.00000  -51.42000    2.00000
 30406018    0.00000    3.90617  300.00000    9.07012    0.00000    0.00000    0.00000  -51.42000    2.00000
 30501001    0.00000    2.80059  300.00000   14.76938    0.00000    0.00000    0.00000   77.13000    2.00000
 30501002    0.00000    2.81849  300.00000   14.58773    0.00000    0.00000    0.00000   77.13000    2.00000
 30501003    0.00000    2.83643  300.00000   14.40837    0.00000    0.00000    0.00000   77.13000    2.00000
 30501004    0.00000    2.85439  300.00000   14.23127    0.00000    0.00000    0.00000   77.13000    2.00000
 30501005    0.00000    2.87237  300.00000   14.05639    0.00000    0.00000    0.00000   77.13000    2.00000
 30501006    0.00000    2.89039  300.00000   13.88370    0.00000    0.00000    0.00000   77.13000    2.00000
 30501007    0.00000    2.90843  300.00000   13.71314    0.00000    0.00000    0.00000   77.13000    2.00000
 30501008    0.00000    2.92649  300.00000   13.54469    0.00000    0.00000    0.00000   77.13000    2.00000
 30501009    0.00000    2.94458  300.00000   13.37831    0.00000    0.00000    0.00000   77.13000    2.00000
 30501010    0.00000    2.96270  300.00000   13.21397    0.00000    0.00000    0.00000   77.13000    2.00000
 30501011    0.00000    2.98083  300.00000   13.05163    0.00000    0.00000    0.00000   77.13000    2.00000
 30501012    0.00000    2.99900  300.00000   12.89126    0.00000    0.00000    0.00000   77.13000    2.00000
 30501013    0.00000    3.01718  300.00000   12.73282    0.00000    0.00000    0.00000   77.13000    2.00000
 30501014    0.00000    3.03539  300.00000   12.57628    0.00000    0.00000    0.00000   77.13000    2.00000
 30501015    0.00000    3.05362  300.00000   12.42161    0.00000    0.00000    0.00000   77.13000    2.00000
 30501016    0.00000    3.07187  300.00000   12.26879    0.00000    0.00000    0.00000   77.13000    2.00000
 30501017    0.00000    3.09015  300.00000   12.11777    0.00000    0.00000    0.00000   77.13000    2.00000
 30501018    0.00000    3.10844  300.00000   11.96853    0.00000    0.00000    0.00000   77.13000    2.00000
 30504001    0.00000    2.80058  300.00000   14.83173    0.00000    0.00000    0.00000    0.00000    2.00000
 30504002    0.00000    2.81848  300.00000   14.64968    0.00000    0.00000    0.00000    0.00000    2.00000
 30504003    0.00000    2.83640  300.00000   14.46993    0.00000    0.00000    0.00000    0.00000    2.00000
 30504004    0.00000    2.85435  300.00000   14.29244    0.00000    0.00000    0.00000    0.00000    2.00000
 30504005    0.00000    2.87233  300.00000   14.11717    0.00000    0.00000    0.00000    0.00000    2.00000
 30504006    0.00000    2.89034  300.00000   13.94409    0.00000    0.00000    0.00000    0.00000    2.00000
 30504007    0.00000    2.90837  300.00000   13.77315    0.00000    0.00000    0.00000    0.00000    2.00000
 30504008    0.00000    2.92642  300.00000   13.60433    0.00000    0.00000    0.00000    0.00000    2.00000
 30504009    0.00000    2.94450  300.00000   13.43758    0.00000    0.00000    0.00000    0.00000    2.00000
 30504010    0.00000    2.96261  300.00000   13.27287    0.00000    0.00000    0.00000    0.00000    2.00000
 30504011    0.00000    2.98074  300.00000   13.11016    0.00000    0.00000    0.00000    0.00000    2.00000
 30504012    0.00000    2.99889  300.00000   12.94943    0.00000    0.00000    0.00000    0.00000    2.00000
 30504013    0.00000    3.01707  300.00000   12.79063    0.00000    0.00000    0.00000    0.00000    2.00000
 30504014    0.00000    3.03527  300.00000   12.63374    0.00000    0.00000    0.00000    0.00000    2.00000
 30504015    0.00000    3.05349  300.00000   12.47872    0.00000    0.00000    0.00000    0.00000    2.00000
 30504016    0.00000    3.07174  300.00000   12.32555    0.00000    0.00000    0.00000    0.00000    2.00000
 30504017    0.00000    3.09000  300.00000   12.17418    0.00000    0.00000    0.00000    0.00000    2.00000
 30504018    0.00000    3.10829  300.00000   12.02460    0.00000    0.00000    0.00000    0.00000    2.00000
 30505001    0.00000    2.80058  300.00000   14.90631    0.00000    0.00000    0.00000  -25.71000    2.00000
 30505002    0.00000    2.81846  300.00000   14.72378    0.00000    0.00000    0.00000  -25.71000    2.00000
 30505003    0.00000    2.83637  300.00000   14.54356    0.00000    0.00000    0.00000  -25.71000    2.00000
 30505004    0.00000    2.85431  300.00000   14.36560    0.00000    0.00000    0.00000  -25.71000    2.00000
 30505005    0.00000    2.87228  300.00000   14.18987    0.00000    0.00000    0.00000  -25.71000    2.00000
 30505006    0.00000    2.89027  300.00000   14.01633    0.00000    0.00000    0.00000  -25.71000    2.00000
 30505007    0.00000    2.90829  300.00000   13.84494    0.00000    0.00000    0.00000  -25.71000    2.00000
 30505008    0.00000    2.92634  300.00000   13.67567    0.00000    0.00000    0.00000  -25.71000    2.00000
 30505009    0.00000    2.94441  300.00000   13.50847    0.00000    0.00000    0.00000  -25.71000    2.00000
 30505010    0.00000    2.96250  300.00000   13.34332    0.00000    0.00000    0.00000  -25.71000    2.00000
 30505011    0.00000    2.98062  300.00000   13.18018    0.00000    0.00000    0.00000  -25.71000    2.00000
 30505012    0.00000    2.99877  300.00000   13.01901    0.00000    0.00000    0.00000  -25.71000    2.00000
 30505013    0.00000    3.01693  300.00000   12.85979    0.00000    0.00000    0.00000  -25.71000    2.00000
 30505014    0.00000    3.03512  300.00000   12.70247    0.00000    0.00000    0.00000  -25.71000    2.00000
 30505015    0.00000    3.05334  300.00000   12.54703    0.00000    0.00000    0.00000  -25.71000    2.00000
 30505016    0.00000    3.07157  300.00000   12.39344    0.00000    0.00000    0.00000  -25.71000    2.00000
 30505017    0.00000    3.08983  300.00000   12.24167    0.00000    0.00000    0.00000  -25.71000    2.00000
 30505018    0.00000    3.10811  300.00000   12.09168    0.00000    0.00000    0.00000  -25.71000    2.00000
 30506001    0.00000    2.80060  300.00000   14.63375    0.00000    0.00000    0.00000  -51.42000    2.00000
 30506002    0.00000    2.81853  300.00000   14.45297    0.00000    0.00000    0.00000  -51.42000    2.00000
 30506003    0.00000    2.83648  300.00000   14.27447    0.00000    0.00000    0.00000  -51.42000    2.00000
 30506004    0.00000    2.85446  300.00000   14.09822    0.00000    0.00000    0.00000  -51.42000    2.00000
 30506005    0.00000    2.87247  300.00000   13.92419    0.00000    0.00000    0.00000  -51.42000    2.00000
 30506006    0.00000    2.89050  300.00000   13.75232    0.00000    0.00000    0.00000  -51.42000    2.00000
 30506007    0.00000    2.90856  300.00000   13.58259    0.00000    0.00000    0.00000  -51.42000    2.00000
 30506008    0.00000    2.92664  300.00000   13.41496    0.00000    0.00000    0.00000  -51.42000    2.00000
 30506009    0.00000    2.94475  300.00000   13.24939    0.00000    0.00000    0.00000  -51.42000    2.00000
 30506010    0.00000    2.96289  300.00000   13.08585    0.00000    0.00000    0.00000  -51.42000    2.00000
 30506011    0.00000    2.98104  300.00000   12.92431    0.00000    0.00000    0.00000  -51.42000    2.00000
 30506012    0.00000    2.99922  300.00000   12.76472    0.00000    0.00000    0.00000  -51.42000    2.00000
 30506013    0.00000    3.01743  300.00000   12.60706    0.00000    0.00000    0.00000  -51.42000    2.00000
 30506014    0.00000    3.03566  300.00000   12.45130    0.00000    0.00000    0.00000  -51.42000    2.00000
 30506015    0.00000    3.05390  300.00000   12.29740    0.00000    0.00000    0.00000  -51.42000    2.00000
 30506016    0.00000    3.07217  300.00000   12.14533    0.00000    0.00000    0.00000  -51.42000    2.00000
 30506017    0.00000    3.09047  300.00000   11.99506    0.00000    0.00000    0.00000  -51.42000    2.00000
 30506018    0.00000    3.10878  300.00000   11.84656    0.00000    0.00000    0.00000  -51.42000    2.00000
 30601001    0.00000    1.93381  300.00000   22.33327    0.00000    0.00000    0.00000   77.13000    2.00000
 30601002    0.00000    1.95157  300.00000   22.06195    0.00000    0.00000    0.00000   77.13000    2.00000
 30601003    0.00000    1.96937  300.00000   21.79553    0.00000    0.00000    0.00000   77.13000    2.00000
 30601004    0.00000    1.98721  300.00000   21.53389    0.00000    0.00000    0.00000   77.13000    2.00000
 30601005    0.00000    2.00510  300.00000   21.27692    0.00000    0.00000    0.00000   77.13000    2.00000
 30601006    0.00000    2.02302  300.00000   21.02449    0.00000    0.00000    0.00000   77.13000    2.00000
 30601007    0.00000    2.04098  300.00000   20.77650    0.00000    0.00000    0.00000   77.13000    2.00000
 30601008    0.00000    2.05898  300.00000   20.53285    0.00000    0.00000    0.00000   77.13000    2.00000
 30601009    0.00000    2.07702  300.00000   20.29342    0.00000    0.00000    0.00000   77.13000    2.00000
 30601010    0.00000    2.09509  300.00000   20.05812    0.00000    0.00000    0.00000   77.13000    2.00000
 30601011    0.00000    2.11320  300.00000   19.82685    0.00000    0.00000    0.00000   77.13000    2.00000
 30601012    0.00000    2.13134  300.00000   19.59951    0.00000    0.00000    0.00000   77.13000    2.00000
 30601013    0.00000    2.14951  300.00000   19.37601    0.00000    0.00000    0.00000   77.13000    2.00000
 30601014    0.00000    2.16772  300.00000   19.15627    0.00000    0.00000    0.00000   77.13000    2.00000
 30601015    0.00000    2.18596  300.00000   18.94019    0.00000    0.00000    0.00000   77.13000    2.00000
 30601016    0.00000    2.20422  300.00000   18.72769    0.00000    0.00000    0.00000   77.13000    2.00000
 30601017    0.00000    2.22252  300.00000   18.51868    0.00000    0.00000    0.00000   77.13000    2.00000
 30601018    0.00000    2.24085  300.00000   18.31309    0.00000    0.00000    0.00000   77.13000    2.00000
 30603001    0.00000    1.93382  300.00000   22.27944    0.00000    0.00000    0.00000   25.71000    2.00000
 30603002    0.00000    1.95158  300.00000   22.00861    0.00000    0.00000    0.00000   25.71000    2.00000
 30603003    0.00000    1.96939  300.00000   21.74268    0.00000    0.00000    0.00000   25.71000    2.00000
 30603004    0.00000    1.98724  300.00000   21.48152    0.00000    0.00000    0.00000   25.71000    2.00000
 30603005    0.00000    2.00514  300.00000   21.22502    0.00000    0.00000    0.00000   25.71000    2.00000
 30603006    0.00000    2.02307  300.00000   20.97306    0.00000    0.00000    0.00000   25.71000    2.00000
 30603007    0.00000    2.04104  300.00000   20.72553    0.00000    0.00000    0.00000   25.71000    2.00000
 30603008    0.00000    2.05905  300.00000   20.48233    0.00000    0.00000    0.00000   25.71000    2.00000
 30603009    0.00000    2.07709  300.00000   20.24335    0.00000    0.00000    0.00000   25.71000    2.00000
 30603010    0.00000    2.09517  300.00000   20.00849    0.00000    0.00000    0.00000   25.71000    2.00000
 30603011    0.00000    2.11328  300.00000   19.77765    0.00000    0.00000    0.00000   25.71000    2.00000
 30603012    0.00000    2.13143  300.00000   19.55074    0.00000    0.00000    0.00000   25.71000    2.00000
 30603013    0.00000    2.14961  300.00000   19.32767    0.00000    0.00000    0.00000   25.71000    2.00000
 30603014    0.00000    2.16782  300.00000   19.10834    0.00000    0.00000    0.00000   25.71000    2.00000
 30603015    0.00000    2.18607  300.00000   18.89267    0.00000    0.00000    0.00000   25.71000    2.00000
 30603016    0.00000    2.20434  300.00000   18.68057    0.00000    0.00000    0.00000   25.71000    2.00000
 30603017    0.00000    2.22265  300.00000   18.47197    0.00000    0.00000    0.00000   25.71000    2.00000
 30603018    0.00000    2.24098  300.00000   18.26677    0.00000    0.00000    0.00000   25.71000    2.00000
 30604001    0.00000    1.93382  300.00000   22.20446    0.00000    0.00000    0.00000    0.00000    2.00000
 30604002    0.00000    1.95160  300.00000   21.93432    0.00000    0.00000    0.00000    0.00000    2.00000
 30604003    0.00000    1.96942  300.00000   21.66907    0.00000    0.00000    0.00000    0.00000    2.00000
 30604004    0.00000    1.98729  300.00000   21.40857    0.00000    0.00000    0.00000    0.00000    2.00000
 30604005    0.00000    2.00519  300.00000   21.15273    0.00000    0.00000    0.00000    0.00000    2.00000
 30604006    0.00000    2.02313  300.00000   20.90142    0.00000    0.00000    0.00000    0.00000    2.00000
 30604007    0.00000    2.04111  300.00000   20.65453    0.00000    0.00000    0.00000    0.00000    2.00000
 30604008    0.00000    2.05913  300.00000   20.41196    0.00000    0.00000    0.00000    0.00000    2.00000
 30604009    0.00000    2.07719  300.00000   20.17360    0.00000    0.00000    0.00000    0.00000    2.00000
 30604010    0.00000    2.09527  300.00000   19.93935    0.00000    0.00000    0.00000    0.00000    2.00000
 30604011    0.00000    2.11340  300.00000   19.70912    0.00000    0.00000    0.00000    0.00000    2.00000
 30604012    0.00000    2.13156  300.00000   19.48281    0.00000    0.00000    0.00000    0.00000    2.00000
 30604013    0.00000    2.14975  300.00000   19.26032    0.00000    0.00000    0.00000    0.00000    2.00000
 30604014    0.00000    2.16797  300.00000   19.04158    0.00000    0.00000    0.00000    0.00000    2.00000
 30604015    0.00000    2.18622  300.00000   18.82648    0.00000    0.00000    0.00000    0.00000    2.00000
 30604016    0.00000    2.20451  300.00000   18.61495    0.00000    0.00000    0.00000    0.00000    2.00000
 30604017    0.00000    2.22282  300.00000   18.40690    0.00000    0.00000    0.00000    0.00000    2.00000
 30604018    0.00000    2.24116  300.00000   18.20225    0.00000    0.00000    0.00000    0.00000    2.00000
 30605001    0.00000    1.93382  300.00000   22.20416    0.00000    0.00000    0.00000  -25.71000    2.00000
 30605002    0.00000    1.95160  300.00000   21.93403    0.00000    0.00000    0.00000  -25.71000    2.00000
 30605003    0.00000    1.96942  300.00000   21.66877    0.00000    0.00000    0.00000  -25.71000    2.00000
 30605004    0.00000    1.98729  300.00000   21.40828    0.00000    0.00000    0.00000  -25.71000    2.00000
 30605005    0.00000    2.00519  300.00000   21.15244    0.00000    0.00000    0.00000  -25.71000    2.00000
 30605006    0.00000    2.02313  300.00000   20.90113    0.00000    0.00000    0.00000  -25.71000    2.00000
 30605007    0.00000    2.04111  300.00000   20.65425    0.00000    0.00000    0.00000  -25.71000    2.00000
 30605008    0.00000    2.05913  300.00000   20.41168    0.00000    0.00000    0.00000  -25.71000    2.00000
 30605009    0.00000    2.07719  300.00000   20.17332    0.00000    0.00000    0.00000  -25.71000    2.00000
 30605010    0.00000    2.09528  300.00000   19.93908    0.00000    0.00000    0.00000  -25.71000    2.00000
 30605011    0.00000    2.11340  300.00000   19.70885    0.00000    0.00000    0.00000  -25.71000    2.00000
 30605012    0.00000    2.13156  300.00000   19.48254    0.00000    0.00000    0.00000  -25.71000    2.00000
 30605013    0.00000    2.14975  300.00000   19.26006    0.00000    0.00000    0.00000  -25.71000    2.00000
 30605014    0.00000    2.16797  300.00000   19.04131    0.00000    0.00000    0.00000  -25.71000    2.00000
 30605015    0.00000    2.18622  300.00000   18.82622    0.00000    0.00000    0.00000  -25.71000    2.00000
 30605016    0.00000    2.20451  300.00000   18.61469    0.00000    0.00000    0.00000  -25.71000    2.00000
 30605017    0.00000    2.22282  300.00000   18.40664    0.00000    0.00000    0.00000  -25.71000    2.00000
 30605018    0.00000    2.24116  300.00000   18.20200    0.00000    0.00000    0.00000  -25.71000    2.00000
 30606001    0.00000    1.93382  300.00000   22.23594    0.00000    0.00000    0.00000  -51.42000    2.00000
 30606002    0.00000    1.95159  300.00000   21.96551    0.00000    0.00000    0.00000  -51.42000    2.00000
 30606003    0.00000    1.96941  300.00000   21.69997    0.00000    0.00000    0.00000  -51.42000    2.00000
 30606004    0.00000    1.98727  300.00000   21.43920    0.00000    0.00000    0.00000  -51.42000    2.00000
 30606005    0.00000    2.00517  300.00000   21.18308    0.00000    0.00000    0.00000  -51.42000    2.00000
 30606006    0.00000    2.02311  300.00000   20.93150    0.00000    0.00000    0.00000  -51.42000    2.00000
 30606007    0.00000    2.04108  300.00000   20.68434    0.00000    0.00000    0.00000  -51.42000    2.00000
 30606008    0.00000    2.05909  300.00000   20.44150    0.00000    0.00000    0.00000  -51.42000    2.00000
 30606009    0.00000    2.07714  300.00000   20.20288    0.00000    0.00000    0.00000  -51.42000    2.00000
 30606010    0.00000    2.09523  300.00000   19.96838    0.00000    0.00000    0.00000  -51.42000    2.00000
 30606011    0.00000    2.11335  300.00000   19.73789    0.00000    0.00000    0.00000  -51.42000    2.00000
 30606012    0.00000    2.13150  300.00000   19.51133    0.00000    0.00000    0.00000  -51.42000    2.00000
 30606013    0.00000    2.14969  300.00000   19.28860    0.00000    0.00000    0.00000  -51.42000    2.00000
 30606014    0.00000    2.16791  300.00000   19.06961    0.00000    0.00000    0.00000  -51.42000    2.00000
 30606015    0.00000    2.18616  300.00000   18.85427    0.00000    0.00000    0.00000  -51.42000    2.00000
 30606016    0.00000    2.20444  300.00000   18.64250    0.00000    0.00000    0.00000  -51.42000    2.00000
 30606017    0.00000    2.22275  300.00000   18.43422    0.00000    0.00000    0.00000  -51.42000    2.00000
 30606018    0.00000    2.24108  300.00000   18.22934    0.00000    0.00000    0.00000  -51.42000    2.00000
 30701001    0.00000    1.52192  300.00000   29.18941    0.00000    0.00000    0.00000   77.13000    2.00000
 30701002    0.00000    1.53956  300.00000   28.83664    0.00000    0.00000    0.00000   77.13000    2.00000
 30701003    0.00000    1.55726  300.00000   28.49187    0.00000    0.00000    0.00000   77.13000    2.00000
 30701004    0.00000    1.57501  300.00000   28.15486    0.00000    0.00000    0.00000   77.13000    2.00000
 30701005    0.00000    1.59282  300.00000   27.82538    0.00000    0.00000    0.00000   77.13000    2.00000
 30701006    0.00000    1.61068  300.00000   27.50319    0.00000    0.00000    0.00000   77.13000    2.00000
 30701007    0.00000    1.62858  300.00000   27.18807    0.00000    0.00000    0.00000   77.13000    2.00000
 30701008    0.00000    1.64654  300.00000   26.87982    0.00000    0.00000    0.00000   77.13000    2.00000
 30701009    0.00000    1.66454  300.00000   26.57823    0.00000    0.00000    0.00000   77.13000    2.00000
 30701010    0.00000    1.68259  300.00000   26.28310    0.00000    0.00000    0.00000   77.13000    2.00000
 30701011    0.00000    1.70068  300.00000   25.99424    0.00000    0.00000    0.00000   77.13000    2.00000
 30701012    0.00000    1.71881  300.00000   25.71147    0.00000    0.00000    0.00000   77.13000    2.00000
 30701013    0.00000    1.73698  300.00000   25.43461    0.00000    0.00000    0.00000   77.13000    2.00000
 30701014    0.00000    1.75520  300.00000   25.16349    0.00000    0.00000    0.00000   77.13000    2.00000
 30701015    0.00000    1.77345  300.00000   24.89794    0.00000    0.00000    0.00000   77.13000    2.00000
 30701016    0.00000    1.79174  300.00000   24.63781    0.00000    0.00000    0.00000   77.13000    2.00000
 30701017    0.00000    1.81006  300.00000   24.38294    0.00000    0.00000    0.00000   77.13000    2.00000
 30701018    0.00000    1.82843  300.00000   24.13319    0.00000    0.00000    0.00000   77.13000    2.00000
 30703001    0.00000    1.52193  300.00000   29.06611    0.00000    0.00000    0.00000   25.71000    2.00000
 30703002    0.00000    1.53959  300.00000   28.71476    0.00000    0.00000    0.00000   25.71000    2.00000
 30703003    0.00000    1.55731  300.00000   28.37138    0.00000    0.00000    0.00000   25.71000    2.00000
 30703004    0.00000    1.57508  300.00000   28.03575    0.00000    0.00000    0.00000   25.71000    2.00000
 30703005    0.00000    1.59291  300.00000   27.70761    0.00000    0.00000    0.00000   25.71000    2.00000
 30703006    0.00000    1.61078  300.00000   27.38675    0.00000    0.00000    0.00000   25.71000    2.00000
 30703007    0.00000    1.62871  300.00000   27.07293    0.00000    0.00000    0.00000   25.71000    2.00000
 30703008    0.00000    1.64668  300.00000   26.76596    0.00000    0.00000    0.00000   25.71000    2.00000
 30703009    0.00000    1.66470  300.00000   26.46563    0.00000    0.00000    0.00000   25.71000    2.00000
 30703010    0.00000    1.68276  300.00000   26.17174    0.00000    0.00000    0.00000   25.71000    2.00000
 30703011    0.00000    1.70087  300.00000   25.88409    0.00000    0.00000    0.00000   25.71000    2.00000
 30703012    0.00000    1.71902  300.00000   25.60252    0.00000    0.00000    0.00000   25.71000    2.00000
 30703013    0.00000    1.73721  300.00000   25.32683    0.00000    0.00000    0.00000   25.71000    2.00000
 30703014    0.00000    1.75544  300.00000   25.05686    0.00000    0.00000    0.00000   25.71000    2.00000
 30703015    0.00000    1.77370  300.00000   24.79245    0.00000    0.00000    0.00000   25.71000    2.00000
 30703016    0.00000    1.79201  300.00000   24.53344    0.00000    0.00000    0.00000   25.71000    2.00000
 30703017    0.00000    1.81035  300.00000   24.27966    0.00000    0.00000    0.00000   25.71000    2.00000
 30703018    0.00000    1.82872  300.00000   24.03099    0.00000    0.00000    0.00000   25.71000    2.00000
 30704001    0.00000    1.52194  300.00000   29.01017    0.00000    0.00000    0.00000    0.00000    2.00000
 30704002    0.00000    1.53961  300.00000   28.65946    0.00000    0.00000    0.00000    0.00000    2.00000
 30704003    0.00000    1.55733  300.00000   28.31672    0.00000    0.00000    0.00000    0.00000    2.00000
 30704004    0.00000    1.57511  300.00000   27.98170    0.00000    0.00000    0.00000    0.00000    2.00000
 30704005    0.00000    1.59295  300.00000   27.65418    0.00000    0.00000    0.00000    0.00000    2.00000
 30704006    0.00000    1.61083  300.00000   27.33391    0.00000    0.00000    0.00000    0.00000    2.00000
 30704007    0.00000    1.62876  300.00000   27.02069    0.00000    0.00000    0.00000    0.00000    2.00000
 30704008    0.00000    1.64674  300.00000   26.71431    0.00000    0.00000    0.00000    0.00000    2.00000
 30704009    0.00000    1.66477  300.00000   26.41454    0.00000    0.00000    0.00000    0.00000    2.00000
 30704010    0.00000    1.68284  300.00000   26.12121    0.00000    0.00000    0.00000    0.00000    2.00000
 30704011    0.00000    1.70096  300.00000   25.83412    0.00000    0.00000    0.00000    0.00000    2.00000
 30704012    0.00000    1.71911  300.00000   25.55309    0.00000    0.00000    0.00000    0.00000    2.00000
 30704013    0.00000    1.73731  300.00000   25.27793    0.00000    0.00000    0.00000    0.00000    2.00000
 30704014    0.00000    1.75555  300.00000   25.00849    0.00000    0.00000    0.00000    0.00000    2.00000
 30704015    0.00000    1.77382  300.00000   24.74459    0.00000    0.00000    0.00000    0.00000    2.00000
 30704016    0.00000    1.79213  300.00000   24.48608    0.00000    0.00000    0.00000    0.00000    2.00000
 30704017    0.00000    1.81048  300.00000   24.23281    0.00000    0.00000    0.00000    0.00000    2.00000
 30704018    0.00000    1.82886  300.00000   23.98462    0.00000    0.00000    0.00000    0.00000    2.00000
 30705001    0.00000    1.52195  300.00000   28.94024    0.00000    0.00000    0.00000  -25.71000    2.00000
 30705002    0.00000    1.53963  300.00000   28.59033    0.00000    0.00000    0.00000  -25.71000    2.00000
 30705003    0.00000    1.55736  300.00000   28.24838    0.00000    0.00000    0.00000  -25.71000    2.00000
 30705004    0.00000    1.57515  300.00000   27.91415    0.00000    0.00000    0.00000  -25.71000    2.00000
 30705005    0.00000    1.59300  300.00000   27.58739    0.00000    0.00000    0.00000  -25.71000    2.00000
 30705006    0.00000    1.61089  300.00000   27.26788    0.00000    0.00000    0.00000  -25.71000    2.00000
 30705007    0.00000    1.62883  300.00000   26.95540    0.00000    0.00000    0.00000  -25.71000    2.00000
 30705008    0.00000    1.64682  300.00000   26.64974    0.00000    0.00000    0.00000  -25.71000    2.00000
 30705009    0.00000    1.66486  300.00000   26.35069    0.00000    0.00000    0.00000  -25.71000    2.00000
 30705010    0.00000    1.68294  300.00000   26.05806    0.00000    0.00000    0.00000  -25.71000    2.00000
 30705011    0.00000    1.70107  300.00000   25.77166    0.00000    0.00000    0.00000  -25.71000    2.00000
 30705012    0.00000    1.71923  300.00000   25.49130    0.00000    0.00000    0.00000  -25.71000    2.00000
 30705013    0.00000    1.73744  300.00000   25.21682    0.00000    0.00000    0.00000  -25.71000    2.00000
 30705014    0.00000    1.75568  300.00000   24.94803    0.00000    0.00000    0.00000  -25.71000    2.00000
 30705015    0.00000    1.77396  300.00000   24.68477    0.00000    0.00000    0.00000  -25.71000    2.00000
 30705016    0.00000    1.79228  300.00000   24.42690    0.00000    0.00000    0.00000  -25.71000    2.00000
 30705017    0.00000    1.81064  300.00000   24.17424    0.00000    0.00000    0.00000  -25.71000    2.00000
 30705018    0.00000    1.82903  300.00000   23.92667    0.00000    0.00000    0.00000  -25.71000    2.00000
 30706001    0.00000    1.52193  300.00000   29.09696    0.00000    0.00000    0.00000  -51.42000    2.00000
 30706002    0.00000    1.53959  300.00000   28.74525    0.00000    0.00000    0.00000  -51.42000    2.00000
 30706003    0.00000    1.55730  300.00000   28.40153    0.00000    0.00000    0.00000  -51.42000    2.00000
 30706004    0.00000    1.57507  300.00000   28.06555    0.00000    0.00000    0.00000  -51.42000    2.00000
 30706005    0.00000    1.59289  300.00000   27.73707    0.00000    0.00000    0.00000  -51.42000    2.00000
 30706006    0.00000    1.61076  300.00000   27.41588    0.00000    0.00000    0.00000  -51.42000    2.00000
 30706007    0.00000    1.62868  300.00000   27.10174    0.00000    0.00000    0.00000  -51.42000    2.00000
 30706008    0.00000    1.64665  300.00000   26.79445    0.00000    0.00000    0.00000  -51.42000    2.00000
 30706009    0.00000    1.66466  300.00000   26.49380    0.00000    0.00000    0.00000  -51.42000    2.00000
 30706010    0.00000    1.68272  300.00000   26.19960    0.00000    0.00000    0.00000  -51.42000    2.00000
 30706011    0.00000    1.70082  300.00000   25.91165    0.00000    0.00000    0.00000  -51.42000    2.00000
 30706012    0.00000    1.71897  300.00000   25.62978    0.00000    0.00000    0.00000  -51.42000    2.00000
 30706013    0.00000    1.73715  300.00000   25.35380    0.00000    0.00000    0.00000  -51.42000    2.00000
 30706014    0.00000    1.75538  300.00000   25.08354    0.00000    0.00000    0.00000  -51.42000    2.00000
 30706015    0.00000    1.77364  300.00000   24.81884    0.00000    0.00000    0.00000  -51.42000    2.00000
 30706016    0.00000    1.79194  300.00000   24.55955    0.00000    0.00000    0.00000  -51.42000    2.00000
 30706017    0.00000    1.81028  300.00000   24.30550    0.00000    0.00000    0.00000  -51.42000    2.00000
 30706018    0.00000    1.82865  300.00000   24.05656    0.00000    0.00000    0.00000  -51.42000    2.00000
 30801001    0.00000    1.10393  300.00000   40.42866    0.00000    0.00000    0.00000   77.13000    2.00000
 30801002    0.00000    1.11903  300.00000   39.75243    0.00000    0.00000    0.00000   77.13000    2.00000
 30801003    0.00000    1.13428  300.00000   39.09429    0.00000    0.00000    0.00000   77.13000    2.00000
 30801004    0.00000    1.14967  300.00000   38.45370    0.00000    0.00000    0.00000   77.13000    2.00000
 30801005    0.00000    1.16521  300.00000   37.83011    0.00000    0.00000    0.00000   77.13000    2.00000
 30801006    0.00000    1.18087  300.00000   37.22299    0.00000    0.00000    0.00000   77.13000    2.00000
 30801007    0.00000    1.19667  300.00000   36.63185    0.00000    0.00000    0.00000   77.13000    2.00000
 30801008    0.00000    1.21259  300.00000   36.05616    0.00000    0.00000    0.00000   77.13000    2.00000
 30801009    0.00000    1.22864  300.00000   35.49546    0.00000    0.00000    0.00000   77.13000    2.00000
 30801010    0.00000    1.24479  300.00000   34.94925    0.00000    0.00000    0.00000   77.13000    2.00000
 30801011    0.00000    1.26106  300.00000   34.41709    0.00000    0.00000    0.00000   77.13000    2.00000
 30801012    0.00000    1.27743  300.00000   33.89853    0.00000    0.00000    0.00000   77.13000    2.00000
 30801013    0.00000    1.29390  300.00000   33.39313    0.00000    0.00000    0.00000   77.13000    2.00000
 30801014    0.00000    1.31048  300.00000   32.90048    0.00000    0.00000    0.00000   77.13000    2.00000
 30801015    0.00000    1.32714  300.00000   32.42016    0.00000    0.00000    0.00000   77.13000    2.00000
 30801016    0.00000    1.34390  300.00000   31.95179    0.00000    0.00000    0.00000   77.13000    2.00000
 30801017    0.00000    1.36074  300.00000   31.49499    0.00000    0.00000    0.00000   77.13000    2.00000
 30801018    0.00000    1.37767  300.00000   31.04939    0.00000    0.00000    0.00000   77.13000    2.00000
 30803001    0.00000    1.10394  300.00000   40.30640    0.00000    0.00000    0.00000   25.71000    2.00000
 30803002    0.00000    1.11907  300.00000   39.63184    0.00000    0.00000    0.00000   25.71000    2.00000
 30803003    0.00000    1.13435  300.00000   38.97536    0.00000    0.00000    0.00000   25.71000    2.00000
 30803004    0.00000    1.14977  300.00000   38.33640    0.00000    0.00000    0.00000   25.71000    2.00000
 30803005    0.00000    1.16533  300.00000   37.71443    0.00000    0.00000    0.00000   25.71000    2.00000
 30803006    0.00000    1.18102  300.00000   37.10893    0.00000    0.00000    0.00000   25.71000    2.00000
 30803007    0.00000    1.19684  300.00000   36.51936    0.00000    0.00000    0.00000   25.71000    2.00000
 30803008    0.00000    1.21279  300.00000   35.94524    0.00000    0.00000    0.00000   25.71000    2.00000
 30803009    0.00000    1.22885  300.00000   35.38608    0.00000    0.00000    0.00000   25.71000    2.00000
 30803010    0.00000    1.24503  300.00000   34.84140    0.00000    0.00000    0.00000   25.71000    2.00000
 30803011    0.00000    1.26132  300.00000   34.31073    0.00000    0.00000    0.00000   25.71000    2.00000
 30803012    0.00000    1.27771  300.00000   33.79364    0.00000    0.00000    0.00000   25.71000    2.00000
 30803013    0.00000    1.29421  300.00000   33.28969    0.00000    0.00000    0.00000   25.71000    2.00000
 30803014    0.00000    1.31080  300.00000   32.79847    0.00000    0.00000    0.00000   25.71000    2.00000
 30803015    0.00000    1.32748  300.00000   32.31955    0.00000    0.00000    0.00000   25.71000    2.00000
 30803016    0.00000    1.34426  300.00000   31.85256    0.00000    0.00000    0.00000   25.71000    2.00000
 30803017    0.00000    1.36112  300.00000   31.39711    0.00000    0.00000    0.00000   25.71000    2.00000
 30803018    0.00000    1.37807  300.00000   30.95284    0.00000    0.00000    0.00000   25.71000    2.00000
 30804001    0.00000    1.10395  300.00000   40.22269    0.00000    0.00000    0.00000    0.00000    2.00000
 30804002    0.00000    1.11910  300.00000   39.54927    0.00000    0.00000    0.00000    0.00000    2.00000
 30804003    0.00000    1.13439  300.00000   38.89392    0.00000    0.00000    0.00000    0.00000    2.00000
 30804004    0.00000    1.14983  300.00000   38.25609    0.00000    0.00000    0.00000    0.00000    2.00000
 30804005    0.00000    1.16541  300.00000   37.63523    0.00000    0.00000    0.00000    0.00000    2.00000
 30804006    0.00000    1.18112  300.00000   37.03082    0.00000    0.00000    0.00000    0.00000    2.00000
 30804007    0.00000    1.19696  300.00000   36.44235    0.00000    0.00000    0.00000    0.00000    2.00000
 30804008    0.00000    1.21292  300.00000   35.86930    0.00000    0.00000    0.00000    0.00000    2.00000
 30804009    0.00000    1.22900  300.00000   35.31119    0.00000    0.00000    0.00000    0.00000    2.00000
 30804010    0.00000    1.24519  300.00000   34.76755    0.00000    0.00000    0.00000    0.00000    2.00000
 30804011    0.00000    1.26150  300.00000   34.23791    0.00000    0.00000    0.00000    0.00000    2.00000
 30804012    0.00000    1.27790  300.00000   33.72183    0.00000    0.00000    0.00000    0.00000    2.00000
 30804013    0.00000    1.29441  300.00000   33.21888    0.00000    0.00000    0.00000    0.00000    2.00000
 30804014    0.00000    1.31102  300.00000   32.72863    0.00000    0.00000    0.00000    0.00000    2.00000
 30804015    0.00000    1.32772  300.00000   32.25067    0.00000    0.00000    0.00000    0.00000    2.00000
 30804016    0.00000    1.34451  300.00000   31.78463    0.00000    0.00000    0.00000    0.00000    2.00000
 30804017    0.00000    1.36138  300.00000   31.33010    0.00000    0.00000    0.00000    0.00000    2.00000
 30804018    0.00000    1.37834  300.00000   30.88674    0.00000    0.00000    0.00000    0.00000    2.00000
 30805001    0.00000    1.10396  300.00000   40.19921    0.00000    0.00000    0.00000  -25.71000    2.00000
 30805002    0.00000    1.11911  300.00000   39.52611    0.00000    0.00000    0.00000  -25.71000    2.00000
 30805003    0.00000    1.13441  300.00000   38.87108    0.00000    0.00000    0.00000  -25.71000    2.00000
 30805004    0.00000    1.14985  300.00000   38.23356    0.00000    0.00000    0.00000  -25.71000    2.00000
 30805005    0.00000    1.16543  300.00000   37.61302    0.00000    0.00000    0.00000  -25.71000    2.00000
 30805006    0.00000    1.18115  300.00000   37.00892    0.00000    0.00000    0.00000  -25.71000    2.00000
 30805007    0.00000    1.19699  300.00000   36.42075    0.00000    0.00000    0.00000  -25.71000    2.00000
 30805008    0.00000    1.21296  300.00000   35.84800    0.00000    0.00000    0.00000  -25.71000    2.00000
 30805009    0.00000    1.22904  300.00000   35.29019    0.00000    0.00000    0.00000  -25.71000    2.00000
 30805010    0.00000    1.24524  300.00000   34.74684    0.00000    0.00000    0.00000  -25.71000    2.00000
 30805011    0.00000    1.26155  300.00000   34.21749    0.00000    0.00000    0.00000  -25.71000    2.00000
 30805012    0.00000    1.27796  300.00000   33.70169    0.00000    0.00000    0.00000  -25.71000    2.00000
 30805013    0.00000    1.29447  300.00000   33.19902    0.00000    0.00000    0.00000  -25.71000    2.00000
 30805014    0.00000    1.31108  300.00000   32.70904    0.00000    0.00000    0.00000  -25.71000    2.00000
 30805015    0.00000    1.32778  300.00000   32.23136    0.00000    0.00000    0.00000  -25.71000    2.00000
 30805016    0.00000    1.34458  300.00000   31.76557    0.00000    0.00000    0.00000  -25.71000    2.00000
 30805017    0.00000    1.36146  300.00000   31.31131    0.00000    0.00000    0.00000  -25.71000    2.00000
 30805018    0.00000    1.37842  300.00000   30.86820    0.00000    0.00000    0.00000  -25.71000    2.00000
 30806001    0.00000    1.10392  300.00000   40.55301    0.00000    0.00000    0.00000  -51.42000    2.00000
 30806002    0.00000    1.11898  300.00000   39.87508    0.00000    0.00000    0.00000  -51.42000    2.00000
 30806003    0.00000    1.13421  300.00000   39.21526    0.00000    0.00000    0.00000  -51.42000    2.00000
 30806004    0.00000    1.14957  300.00000   38.57300    0.00000    0.00000    0.00000  -51.42000    2.00000
 30806005    0.00000    1.16508  300.00000   37.94776    0.00000    0.00000    0.00000  -51.42000    2.00000
 30806006    0.00000    1.18073  300.00000   37.33902    0.00000    0.00000    0.00000  -51.42000    2.00000
 30806007    0.00000    1.19650  300.00000   36.74626    0.00000    0.00000    0.00000  -51.42000    2.00000
 30806008    0.00000    1.21240  300.00000   36.16899    0.00000    0.00000    0.00000  -51.42000    2.00000
 30806009    0.00000    1.22841  300.00000   35.60671    0.00000    0.00000    0.00000  -51.42000    2.00000
 30806010    0.00000    1.24455  300.00000   35.05897    0.00000    0.00000    0.00000  -51.42000    2.00000
 30806011    0.00000    1.26079  300.00000   34.52528    0.00000    0.00000    0.00000  -51.42000    2.00000
 30806012    0.00000    1.27714  300.00000   34.00522    0.00000    0.00000    0.00000  -51.42000    2.00000
 30806013    0.00000    1.29359  300.00000   33.49835    0.00000    0.00000    0.00000  -51.42000    2.00000
 30806014    0.00000    1.31015  300.00000   33.00425    0.00000    0.00000    0.00000  -51.42000    2.00000
 30806015    0.00000    1.32679  300.00000   32.52250    0.00000    0.00000    0.00000  -51.42000    2.00000
 30806016    0.00000    1.34353  300.00000   32.05274    0.00000    0.00000    0.00000  -51.42000    2.00000
 30806017    0.00000    1.36036  300.00000   31.59456    0.00000    0.00000    0.00000  -51.42000    2.00000
 30806018    0.00000    1.37727  300.00000   31.14760    0.00000    0.00000    0.00000  -51.42000    2.00000
