C:\Users\aks45\Gudrun\Gudrun2014\RawData\NIMROD\NIMROD00026163.raw                                                                                                                                                                                              
  No. of time channels =         3229
  No. of time channel boundaries =         3230
  Time channel boundaries (musec) :- 
  0.150000E+03  0.150312E+03  0.150625E+03  0.150938E+03  0.151250E+03
  0.151562E+03  0.151875E+03  0.152188E+03  0.152500E+03  0.152812E+03
  0.153125E+03  0.153438E+03  0.153750E+03  0.154062E+03  0.154375E+03
  0.154688E+03  0.155000E+03  0.155312E+03  0.155625E+03  0.155938E+03
  0.156250E+03  0.156562E+03  0.156875E+03  0.157188E+03  0.157500E+03
  0.157812E+03  0.158125E+03  0.158438E+03  0.158750E+03  0.159062E+03
  0.159375E+03  0.159688E+03  0.160000E+03  0.160312E+03  0.160625E+03
  0.160938E+03  0.161250E+03  0.161562E+03  0.161875E+03  0.162188E+03
  0.162500E+03  0.162812E+03  0.163125E+03  0.163438E+03  0.163750E+03
  0.164062E+03  0.164406E+03  0.164750E+03  0.165094E+03  0.165438E+03
  0.165781E+03  0.166125E+03  0.166469E+03  0.166812E+03  0.167156E+03
  0.167500E+03  0.167844E+03  0.168188E+03  0.168531E+03  0.168875E+03
  0.169219E+03  0.169562E+03  0.169906E+03  0.170250E+03  0.170594E+03
  0.170938E+03  0.171281E+03  0.171625E+03  0.171969E+03  0.172312E+03
  0.172656E+03  0.173000E+03  0.173344E+03  0.173688E+03  0.174031E+03
  0.174375E+03  0.174719E+03  0.175062E+03  0.175406E+03  0.175750E+03
  0.176094E+03  0.176438E+03  0.176781E+03  0.177125E+03  0.177469E+03
  0.177812E+03  0.178156E+03  0.178500E+03  0.178844E+03  0.179188E+03
  0.179531E+03  0.179875E+03  0.180250E+03  0.180625E+03  0.181000E+03
  0.181375E+03  0.181750E+03  0.182125E+03  0.182500E+03  0.182875E+03
  0.183250E+03  0.183625E+03  0.184000E+03  0.184375E+03  0.184750E+03
  0.185125E+03  0.185500E+03  0.185875E+03  0.186250E+03  0.186625E+03
  0.187000E+03  0.187375E+03  0.187750E+03  0.188125E+03  0.188500E+03
  0.188875E+03  0.189250E+03  0.189625E+03  0.190000E+03  0.190375E+03
  0.190750E+03  0.191125E+03  0.191500E+03  0.191875E+03  0.192250E+03
  0.192625E+03  0.193000E+03  0.193375E+03  0.193750E+03  0.194125E+03
  0.194500E+03  0.194875E+03  0.195250E+03  0.195625E+03  0.196031E+03
  0.196438E+03  0.196844E+03  0.197250E+03  0.197656E+03  0.198062E+03
  0.198469E+03  0.198875E+03  0.199281E+03  0.199688E+03  0.200094E+03
  0.200500E+03  0.200906E+03  0.201312E+03  0.201719E+03  0.202125E+03
  0.202531E+03  0.202938E+03  0.203344E+03  0.203750E+03  0.204156E+03
  0.204562E+03  0.204969E+03  0.205375E+03  0.205781E+03  0.206188E+03
  0.206594E+03  0.207000E+03  0.207406E+03  0.207812E+03  0.208219E+03
  0.208625E+03  0.209031E+03  0.209438E+03  0.209844E+03  0.210250E+03
  0.210656E+03  0.211062E+03  0.211500E+03  0.211938E+03  0.212375E+03
  0.212812E+03  0.213250E+03  0.213688E+03  0.214125E+03  0.214562E+03
  0.215000E+03  0.215438E+03  0.215875E+03  0.216312E+03  0.216750E+03
  0.217188E+03  0.217625E+03  0.218062E+03  0.218500E+03  0.218938E+03
  0.219375E+03  0.219812E+03  0.220250E+03  0.220688E+03  0.221125E+03
  0.221562E+03  0.222000E+03  0.222438E+03  0.222875E+03  0.223312E+03
  0.223750E+03  0.224188E+03  0.224625E+03  0.225062E+03  0.225500E+03
  0.225938E+03  0.226375E+03  0.226812E+03  0.227281E+03  0.227750E+03
  0.228219E+03  0.228688E+03  0.229156E+03  0.229625E+03  0.230094E+03
  0.230562E+03  0.231031E+03  0.231500E+03  0.231969E+03  0.232438E+03
  0.232906E+03  0.233375E+03  0.233844E+03  0.234312E+03  0.234781E+03
  0.235250E+03  0.235719E+03  0.236188E+03  0.236656E+03  0.237125E+03
  0.237594E+03  0.238062E+03  0.238531E+03  0.239000E+03  0.239469E+03
  0.239938E+03  0.240406E+03  0.240875E+03  0.241344E+03  0.241812E+03
  0.242281E+03  0.242781E+03  0.243281E+03  0.243781E+03  0.244281E+03
  0.244781E+03  0.245281E+03  0.245781E+03  0.246281E+03  0.246781E+03
  0.247281E+03  0.247781E+03  0.248281E+03  0.248781E+03  0.249281E+03
  0.249781E+03  0.250281E+03  0.250781E+03  0.251281E+03  0.251781E+03
  0.252281E+03  0.252781E+03  0.253281E+03  0.253781E+03  0.254281E+03
  0.254781E+03  0.255281E+03  0.255781E+03  0.256281E+03  0.256781E+03
  0.257281E+03  0.257781E+03  0.258281E+03  0.258812E+03  0.259344E+03
  0.259875E+03  0.260406E+03  0.260938E+03  0.261469E+03  0.262000E+03
  0.262531E+03  0.263062E+03  0.263594E+03  0.264125E+03  0.264656E+03
  0.265188E+03  0.265719E+03  0.266250E+03  0.266781E+03  0.267312E+03
  0.267844E+03  0.268375E+03  0.268906E+03  0.269438E+03  0.269969E+03
  0.270500E+03  0.271031E+03  0.271562E+03  0.272094E+03  0.272625E+03
  0.273156E+03  0.273688E+03  0.274250E+03  0.274812E+03  0.275375E+03
  0.275938E+03  0.276500E+03  0.277062E+03  0.277625E+03  0.278188E+03
  0.278750E+03  0.279312E+03  0.279875E+03  0.280438E+03  0.281000E+03
  0.281562E+03  0.282125E+03  0.282688E+03  0.283250E+03  0.283812E+03
  0.284375E+03  0.284938E+03  0.285500E+03  0.286062E+03  0.286625E+03
  0.287188E+03  0.287750E+03  0.288312E+03  0.288875E+03  0.289438E+03
  0.290031E+03  0.290625E+03  0.291219E+03  0.291812E+03  0.292406E+03
  0.293000E+03  0.293594E+03  0.294188E+03  0.294781E+03  0.295375E+03
  0.295969E+03  0.296562E+03  0.297156E+03  0.297750E+03  0.298344E+03
  0.298938E+03  0.299531E+03  0.300125E+03  0.300719E+03  0.301312E+03
  0.301906E+03  0.302500E+03  0.303094E+03  0.303688E+03  0.304281E+03
  0.304875E+03  0.305500E+03  0.306125E+03  0.306750E+03  0.307375E+03
  0.308000E+03  0.308625E+03  0.309250E+03  0.309875E+03  0.310500E+03
  0.311125E+03  0.311750E+03  0.312375E+03  0.313000E+03  0.313625E+03
  0.314250E+03  0.314875E+03  0.315500E+03  0.316125E+03  0.316750E+03
  0.317375E+03  0.318000E+03  0.318625E+03  0.319250E+03  0.319875E+03
  0.320500E+03  0.321156E+03  0.321812E+03  0.322469E+03  0.323125E+03
  0.323781E+03  0.324438E+03  0.325094E+03  0.325750E+03  0.326406E+03
  0.327062E+03  0.327719E+03  0.328375E+03  0.329031E+03  0.329688E+03
  0.330344E+03  0.331000E+03  0.331656E+03  0.332312E+03  0.332969E+03
  0.333625E+03  0.334281E+03  0.334938E+03  0.335594E+03  0.336250E+03
  0.336938E+03  0.337625E+03  0.338312E+03  0.339000E+03  0.339688E+03
  0.340375E+03  0.341062E+03  0.341750E+03  0.342438E+03  0.343125E+03
  0.343812E+03  0.344500E+03  0.345188E+03  0.345875E+03  0.346562E+03
  0.347250E+03  0.347938E+03  0.348625E+03  0.349312E+03  0.350000E+03
  0.350688E+03  0.351375E+03  0.352062E+03  0.352781E+03  0.353500E+03
  0.354219E+03  0.354938E+03  0.355656E+03  0.356375E+03  0.357094E+03
  0.357812E+03  0.358531E+03  0.359250E+03  0.359969E+03  0.360688E+03
  0.361406E+03  0.362125E+03  0.362844E+03  0.363562E+03  0.364281E+03
  0.365000E+03  0.365719E+03  0.366438E+03  0.367156E+03  0.367875E+03
  0.368625E+03  0.369375E+03  0.370125E+03  0.370875E+03  0.371625E+03
  0.372375E+03  0.373125E+03  0.373875E+03  0.374625E+03  0.375375E+03
  0.376125E+03  0.376875E+03  0.377625E+03  0.378375E+03  0.379125E+03
  0.379875E+03  0.380625E+03  0.381375E+03  0.382125E+03  0.382875E+03
  0.383656E+03  0.384438E+03  0.385219E+03  0.386000E+03  0.386781E+03
  0.387562E+03  0.388344E+03  0.389125E+03  0.389906E+03  0.390688E+03
  0.391469E+03  0.392250E+03  0.393031E+03  0.393812E+03  0.394594E+03
  0.395375E+03  0.396156E+03  0.396938E+03  0.397719E+03  0.398500E+03
  0.399312E+03  0.400125E+03  0.400938E+03  0.401750E+03  0.402562E+03
  0.403375E+03  0.404188E+03  0.405000E+03  0.405812E+03  0.406625E+03
  0.407438E+03  0.408250E+03  0.409062E+03  0.409875E+03  0.410688E+03
  0.411500E+03  0.412312E+03  0.413125E+03  0.413938E+03  0.414750E+03
  0.415594E+03  0.416438E+03  0.417281E+03  0.418125E+03  0.418969E+03
  0.419812E+03  0.420656E+03  0.421500E+03  0.422344E+03  0.423188E+03
  0.424031E+03  0.424875E+03  0.425719E+03  0.426562E+03  0.427406E+03
  0.428250E+03  0.429094E+03  0.429938E+03  0.430812E+03  0.431688E+03
  0.432562E+03  0.433438E+03  0.434312E+03  0.435188E+03  0.436062E+03
  0.436938E+03  0.437812E+03  0.438688E+03  0.439562E+03  0.440438E+03
  0.441312E+03  0.442188E+03  0.443062E+03  0.443938E+03  0.444812E+03
  0.445688E+03  0.446594E+03  0.447500E+03  0.448406E+03  0.449312E+03
  0.450219E+03  0.451125E+03  0.452031E+03  0.452938E+03  0.453844E+03
  0.454750E+03  0.455656E+03  0.456562E+03  0.457469E+03  0.458375E+03
  0.459281E+03  0.460188E+03  0.461094E+03  0.462031E+03  0.462969E+03
  0.463906E+03  0.464844E+03  0.465781E+03  0.466719E+03  0.467656E+03
  0.468594E+03  0.469531E+03  0.470469E+03  0.471406E+03  0.472344E+03
  0.473281E+03  0.474219E+03  0.475156E+03  0.476094E+03  0.477031E+03
  0.478000E+03  0.478969E+03  0.479938E+03  0.480906E+03  0.481875E+03
  0.482844E+03  0.483812E+03  0.484781E+03  0.485750E+03  0.486719E+03
  0.487688E+03  0.488656E+03  0.489625E+03  0.490594E+03  0.491562E+03
  0.492531E+03  0.493531E+03  0.494531E+03  0.495531E+03  0.496531E+03
  0.497531E+03  0.498531E+03  0.499531E+03  0.500531E+03  0.501531E+03
  0.502531E+03  0.503531E+03  0.504531E+03  0.505531E+03  0.506531E+03
  0.507531E+03  0.508531E+03  0.509562E+03  0.510594E+03  0.511625E+03
  0.512656E+03  0.513688E+03  0.514719E+03  0.515750E+03  0.516781E+03
  0.517812E+03  0.518844E+03  0.519875E+03  0.520906E+03  0.521938E+03
  0.522969E+03  0.524000E+03  0.525062E+03  0.526125E+03  0.527188E+03
  0.528250E+03  0.529312E+03  0.530375E+03  0.531438E+03  0.532500E+03
  0.533562E+03  0.534625E+03  0.535688E+03  0.536750E+03  0.537812E+03
  0.538875E+03  0.539938E+03  0.541031E+03  0.542125E+03  0.543219E+03
  0.544312E+03  0.545406E+03  0.546500E+03  0.547594E+03  0.548688E+03
  0.549781E+03  0.550875E+03  0.551969E+03  0.553062E+03  0.554156E+03
  0.555250E+03  0.556375E+03  0.557500E+03  0.558625E+03  0.559750E+03
  0.560875E+03  0.562000E+03  0.563125E+03  0.564250E+03  0.565375E+03
  0.566500E+03  0.567625E+03  0.568750E+03  0.569875E+03  0.571000E+03
  0.572156E+03  0.573312E+03  0.574469E+03  0.575625E+03  0.576781E+03
  0.577938E+03  0.579094E+03  0.580250E+03  0.581406E+03  0.582562E+03
  0.583719E+03  0.584875E+03  0.586031E+03  0.587219E+03  0.588406E+03
  0.589594E+03  0.590781E+03  0.591969E+03  0.593156E+03  0.594344E+03
  0.595531E+03  0.596719E+03  0.597906E+03  0.599094E+03  0.600281E+03
  0.601469E+03  0.602656E+03  0.603875E+03  0.605094E+03  0.606312E+03
  0.607531E+03  0.608750E+03  0.609969E+03  0.611188E+03  0.612406E+03
  0.613625E+03  0.614844E+03  0.616062E+03  0.617281E+03  0.618531E+03
  0.619781E+03  0.621031E+03  0.622281E+03  0.623531E+03  0.624781E+03
  0.626031E+03  0.627281E+03  0.628531E+03  0.629781E+03  0.631031E+03
  0.632281E+03  0.633531E+03  0.634812E+03  0.636094E+03  0.637375E+03
  0.638656E+03  0.639938E+03  0.641219E+03  0.642500E+03  0.643781E+03
  0.645062E+03  0.646344E+03  0.647625E+03  0.648906E+03  0.650219E+03
  0.651531E+03  0.652844E+03  0.654156E+03  0.655469E+03  0.656781E+03
  0.658094E+03  0.659406E+03  0.660719E+03  0.662031E+03  0.663344E+03
  0.664656E+03  0.666000E+03  0.667344E+03  0.668688E+03  0.670031E+03
  0.671375E+03  0.672719E+03  0.674062E+03  0.675406E+03  0.676750E+03
  0.678094E+03  0.679438E+03  0.680781E+03  0.682156E+03  0.683531E+03
  0.684906E+03  0.686281E+03  0.687656E+03  0.689031E+03  0.690406E+03
  0.691781E+03  0.693156E+03  0.694531E+03  0.695906E+03  0.697312E+03
  0.698719E+03  0.700125E+03  0.701531E+03  0.702938E+03  0.704344E+03
  0.705750E+03  0.707156E+03  0.708562E+03  0.709969E+03  0.711375E+03
  0.712812E+03  0.714250E+03  0.715688E+03  0.717125E+03  0.718562E+03
  0.720000E+03  0.721438E+03  0.722875E+03  0.724312E+03  0.725750E+03
  0.727188E+03  0.728656E+03  0.730125E+03  0.731594E+03  0.733062E+03
  0.734531E+03  0.736000E+03  0.737469E+03  0.738938E+03  0.740406E+03
  0.741875E+03  0.743344E+03  0.744844E+03  0.746344E+03  0.747844E+03
  0.749344E+03  0.750844E+03  0.752344E+03  0.753844E+03  0.755344E+03
  0.756844E+03  0.758344E+03  0.759875E+03  0.761406E+03  0.762938E+03
  0.764469E+03  0.766000E+03  0.767531E+03  0.769062E+03  0.770594E+03
  0.772125E+03  0.773656E+03  0.775219E+03  0.776781E+03  0.778344E+03
  0.779906E+03  0.781469E+03  0.783031E+03  0.784594E+03  0.786156E+03
  0.787719E+03  0.789281E+03  0.790875E+03  0.792469E+03  0.794062E+03
  0.795656E+03  0.797250E+03  0.798844E+03  0.800438E+03  0.802031E+03
  0.803625E+03  0.805219E+03  0.806844E+03  0.808469E+03  0.810094E+03
  0.811719E+03  0.813344E+03  0.814969E+03  0.816594E+03  0.818219E+03
  0.819844E+03  0.821469E+03  0.823125E+03  0.824781E+03  0.826438E+03
  0.828094E+03  0.829750E+03  0.831406E+03  0.833062E+03  0.834719E+03
  0.836375E+03  0.838062E+03  0.839750E+03  0.841438E+03  0.843125E+03
  0.844812E+03  0.846500E+03  0.848188E+03  0.849875E+03  0.851562E+03
  0.853281E+03  0.855000E+03  0.856719E+03  0.858438E+03  0.860156E+03
  0.861875E+03  0.863594E+03  0.865312E+03  0.867031E+03  0.868750E+03
  0.870500E+03  0.872250E+03  0.874000E+03  0.875750E+03  0.877500E+03
  0.879250E+03  0.881000E+03  0.882750E+03  0.884500E+03  0.886281E+03
  0.888062E+03  0.889844E+03  0.891625E+03  0.893406E+03  0.895188E+03
  0.896969E+03  0.898750E+03  0.900562E+03  0.902375E+03  0.904188E+03
  0.906000E+03  0.907812E+03  0.909625E+03  0.911438E+03  0.913250E+03
  0.915062E+03  0.916906E+03  0.918750E+03  0.920594E+03  0.922438E+03
  0.924281E+03  0.926125E+03  0.927969E+03  0.929812E+03  0.931688E+03
  0.933562E+03  0.935438E+03  0.937312E+03  0.939188E+03  0.941062E+03
  0.942938E+03  0.944812E+03  0.946688E+03  0.948594E+03  0.950500E+03
  0.952406E+03  0.954312E+03  0.956219E+03  0.958125E+03  0.960031E+03
  0.961938E+03  0.963875E+03  0.965812E+03  0.967750E+03  0.969688E+03
  0.971625E+03  0.973562E+03  0.975500E+03  0.977438E+03  0.979406E+03
  0.981375E+03  0.983344E+03  0.985312E+03  0.987281E+03  0.989250E+03
  0.991219E+03  0.993188E+03  0.995188E+03  0.997188E+03  0.999188E+03
  0.100119E+04  0.100319E+04  0.100519E+04  0.100719E+04  0.100919E+04
  0.101122E+04  0.101325E+04  0.101528E+04  0.101731E+04  0.101934E+04
  0.102138E+04  0.102341E+04  0.102544E+04  0.102750E+04  0.102956E+04
  0.103162E+04  0.103369E+04  0.103575E+04  0.103781E+04  0.103988E+04
  0.104197E+04  0.104406E+04  0.104616E+04  0.104825E+04  0.105034E+04
  0.105244E+04  0.105453E+04  0.105662E+04  0.105875E+04  0.106088E+04
  0.106300E+04  0.106512E+04  0.106725E+04  0.106938E+04  0.107150E+04
  0.107366E+04  0.107581E+04  0.107797E+04  0.108012E+04  0.108228E+04
  0.108444E+04  0.108659E+04  0.108878E+04  0.109097E+04  0.109316E+04
  0.109534E+04  0.109753E+04  0.109972E+04  0.110191E+04  0.110412E+04
  0.110634E+04  0.110856E+04  0.111078E+04  0.111300E+04  0.111522E+04
  0.111744E+04  0.111969E+04  0.112194E+04  0.112419E+04  0.112644E+04
  0.112869E+04  0.113094E+04  0.113319E+04  0.113547E+04  0.113775E+04
  0.114003E+04  0.114231E+04  0.114459E+04  0.114688E+04  0.114916E+04
  0.115147E+04  0.115378E+04  0.115609E+04  0.115841E+04  0.116072E+04
  0.116303E+04  0.116534E+04  0.116769E+04  0.117003E+04  0.117238E+04
  0.117472E+04  0.117706E+04  0.117941E+04  0.118175E+04  0.118412E+04
  0.118650E+04  0.118888E+04  0.119125E+04  0.119362E+04  0.119600E+04
  0.119841E+04  0.120081E+04  0.120322E+04  0.120562E+04  0.120803E+04
  0.121044E+04  0.121284E+04  0.121528E+04  0.121772E+04  0.122016E+04
  0.122259E+04  0.122503E+04  0.122747E+04  0.122994E+04  0.123241E+04
  0.123488E+04  0.123734E+04  0.123981E+04  0.124228E+04  0.124478E+04
  0.124728E+04  0.124978E+04  0.125228E+04  0.125478E+04  0.125728E+04
  0.125978E+04  0.126231E+04  0.126484E+04  0.126738E+04  0.126991E+04
  0.127244E+04  0.127497E+04  0.127753E+04  0.128009E+04  0.128266E+04
  0.128522E+04  0.128778E+04  0.129034E+04  0.129294E+04  0.129553E+04
  0.129812E+04  0.130072E+04  0.130331E+04  0.130591E+04  0.130853E+04
  0.131116E+04  0.131378E+04  0.131641E+04  0.131903E+04  0.132166E+04
  0.132431E+04  0.132697E+04  0.132962E+04  0.133228E+04  0.133494E+04
  0.133759E+04  0.134028E+04  0.134297E+04  0.134566E+04  0.134834E+04
  0.135103E+04  0.135372E+04  0.135644E+04  0.135916E+04  0.136188E+04
  0.136459E+04  0.136731E+04  0.137006E+04  0.137281E+04  0.137556E+04
  0.137831E+04  0.138106E+04  0.138381E+04  0.138659E+04  0.138938E+04
  0.139216E+04  0.139494E+04  0.139772E+04  0.140050E+04  0.140331E+04
  0.140612E+04  0.140894E+04  0.141175E+04  0.141456E+04  0.141741E+04
  0.142025E+04  0.142309E+04  0.142594E+04  0.142878E+04  0.143162E+04
  0.143450E+04  0.143738E+04  0.144025E+04  0.144312E+04  0.144600E+04
  0.144891E+04  0.145181E+04  0.145472E+04  0.145762E+04  0.146053E+04
  0.146344E+04  0.146638E+04  0.146931E+04  0.147225E+04  0.147519E+04
  0.147812E+04  0.148109E+04  0.148406E+04  0.148703E+04  0.149000E+04
  0.149297E+04  0.149597E+04  0.149897E+04  0.150197E+04  0.150497E+04
  0.150797E+04  0.151100E+04  0.151403E+04  0.151706E+04  0.152009E+04
  0.152312E+04  0.152616E+04  0.152922E+04  0.153228E+04  0.153534E+04
  0.153841E+04  0.154147E+04  0.154456E+04  0.154766E+04  0.155075E+04
  0.155384E+04  0.155694E+04  0.156006E+04  0.156319E+04  0.156631E+04
  0.156944E+04  0.157256E+04  0.157572E+04  0.157888E+04  0.158203E+04
  0.158519E+04  0.158834E+04  0.159153E+04  0.159472E+04  0.159791E+04
  0.160109E+04  0.160428E+04  0.160750E+04  0.161072E+04  0.161394E+04
  0.161716E+04  0.162038E+04  0.162362E+04  0.162688E+04  0.163012E+04
  0.163338E+04  0.163666E+04  0.163994E+04  0.164322E+04  0.164650E+04
  0.164978E+04  0.165309E+04  0.165641E+04  0.165972E+04  0.166303E+04
  0.166634E+04  0.166969E+04  0.167303E+04  0.167638E+04  0.167972E+04
  0.168309E+04  0.168647E+04  0.168984E+04  0.169322E+04  0.169659E+04
  0.170000E+04  0.170341E+04  0.170681E+04  0.171022E+04  0.171362E+04
  0.171706E+04  0.172050E+04  0.172394E+04  0.172738E+04  0.173084E+04
  0.173431E+04  0.173778E+04  0.174125E+04  0.174472E+04  0.174822E+04
  0.175172E+04  0.175522E+04  0.175872E+04  0.176225E+04  0.176578E+04
  0.176931E+04  0.177284E+04  0.177638E+04  0.177994E+04  0.178350E+04
  0.178706E+04  0.179062E+04  0.179422E+04  0.179781E+04  0.180141E+04
  0.180500E+04  0.180862E+04  0.181225E+04  0.181588E+04  0.181950E+04
  0.182312E+04  0.182678E+04  0.183044E+04  0.183409E+04  0.183775E+04
  0.184144E+04  0.184512E+04  0.184881E+04  0.185250E+04  0.185622E+04
  0.185994E+04  0.186366E+04  0.186738E+04  0.187112E+04  0.187488E+04
  0.187862E+04  0.188238E+04  0.188612E+04  0.188991E+04  0.189369E+04
  0.189747E+04  0.190125E+04  0.190506E+04  0.190888E+04  0.191269E+04
  0.191650E+04  0.192034E+04  0.192419E+04  0.192803E+04  0.193188E+04
  0.193575E+04  0.193962E+04  0.194350E+04  0.194738E+04  0.195128E+04
  0.195519E+04  0.195909E+04  0.196300E+04  0.196694E+04  0.197088E+04
  0.197481E+04  0.197875E+04  0.198272E+04  0.198669E+04  0.199066E+04
  0.199462E+04  0.199862E+04  0.200262E+04  0.200662E+04  0.201062E+04
  0.201466E+04  0.201869E+04  0.202272E+04  0.202675E+04  0.203081E+04
  0.203488E+04  0.203894E+04  0.204300E+04  0.204709E+04  0.205119E+04
  0.205528E+04  0.205941E+04  0.206353E+04  0.206766E+04  0.207178E+04
  0.207594E+04  0.208009E+04  0.208425E+04  0.208841E+04  0.209259E+04
  0.209678E+04  0.210097E+04  0.210516E+04  0.210938E+04  0.211359E+04
  0.211781E+04  0.212206E+04  0.212631E+04  0.213056E+04  0.213481E+04
  0.213909E+04  0.214338E+04  0.214766E+04  0.215194E+04  0.215625E+04
  0.216056E+04  0.216488E+04  0.216922E+04  0.217356E+04  0.217791E+04
  0.218225E+04  0.218662E+04  0.219100E+04  0.219538E+04  0.219978E+04
  0.220419E+04  0.220859E+04  0.221300E+04  0.221744E+04  0.222188E+04
  0.222631E+04  0.223075E+04  0.223522E+04  0.223969E+04  0.224416E+04
  0.224866E+04  0.225316E+04  0.225766E+04  0.226216E+04  0.226669E+04
  0.227122E+04  0.227575E+04  0.228031E+04  0.228488E+04  0.228944E+04
  0.229403E+04  0.229862E+04  0.230322E+04  0.230781E+04  0.231244E+04
  0.231706E+04  0.232169E+04  0.232634E+04  0.233100E+04  0.233566E+04
  0.234031E+04  0.234500E+04  0.234969E+04  0.235438E+04  0.235909E+04
  0.236381E+04  0.236853E+04  0.237328E+04  0.237803E+04  0.238278E+04
  0.238753E+04  0.239231E+04  0.239709E+04  0.240188E+04  0.240669E+04
  0.241150E+04  0.241631E+04  0.242116E+04  0.242600E+04  0.243084E+04
  0.243572E+04  0.244059E+04  0.244547E+04  0.245038E+04  0.245528E+04
  0.246019E+04  0.246509E+04  0.247003E+04  0.247497E+04  0.247991E+04
  0.248488E+04  0.248984E+04  0.249481E+04  0.249981E+04  0.250481E+04
  0.250981E+04  0.251484E+04  0.251988E+04  0.252491E+04  0.252997E+04
  0.253503E+04  0.254009E+04  0.254519E+04  0.255028E+04  0.255538E+04
  0.256050E+04  0.256562E+04  0.257075E+04  0.257591E+04  0.258106E+04
  0.258622E+04  0.259141E+04  0.259659E+04  0.260178E+04  0.260700E+04
  0.261222E+04  0.261744E+04  0.262269E+04  0.262794E+04  0.263319E+04
  0.263847E+04  0.264375E+04  0.264903E+04  0.265434E+04  0.265966E+04
  0.266497E+04  0.267031E+04  0.267566E+04  0.268100E+04  0.268638E+04
  0.269175E+04  0.269712E+04  0.270253E+04  0.270794E+04  0.271334E+04
  0.271878E+04  0.272422E+04  0.272966E+04  0.273512E+04  0.274059E+04
  0.274606E+04  0.275156E+04  0.275706E+04  0.276256E+04  0.276809E+04
  0.277362E+04  0.277919E+04  0.278475E+04  0.279031E+04  0.279591E+04
  0.280150E+04  0.280709E+04  0.281272E+04  0.281834E+04  0.282397E+04
  0.282962E+04  0.283528E+04  0.284094E+04  0.284662E+04  0.285231E+04
  0.285803E+04  0.286375E+04  0.286947E+04  0.287522E+04  0.288097E+04
  0.288672E+04  0.289250E+04  0.289828E+04  0.290406E+04  0.290988E+04
  0.291569E+04  0.292153E+04  0.292738E+04  0.293322E+04  0.293909E+04
  0.294497E+04  0.295084E+04  0.295675E+04  0.296266E+04  0.296859E+04
  0.297453E+04  0.298047E+04  0.298644E+04  0.299241E+04  0.299841E+04
  0.300441E+04  0.301041E+04  0.301644E+04  0.302247E+04  0.302850E+04
  0.303456E+04  0.304062E+04  0.304672E+04  0.305281E+04  0.305891E+04
  0.306503E+04  0.307116E+04  0.307731E+04  0.308347E+04  0.308962E+04
  0.309581E+04  0.310200E+04  0.310822E+04  0.311444E+04  0.312066E+04
  0.312691E+04  0.313316E+04  0.313944E+04  0.314572E+04  0.315200E+04
  0.315831E+04  0.316462E+04  0.317097E+04  0.317731E+04  0.318366E+04
  0.319003E+04  0.319641E+04  0.320281E+04  0.320922E+04  0.321562E+04
  0.322206E+04  0.322850E+04  0.323497E+04  0.324144E+04  0.324791E+04
  0.325441E+04  0.326091E+04  0.326744E+04  0.327397E+04  0.328053E+04
  0.328709E+04  0.329366E+04  0.330025E+04  0.330684E+04  0.331347E+04
  0.332009E+04  0.332672E+04  0.333338E+04  0.334003E+04  0.334672E+04
  0.335341E+04  0.336012E+04  0.336684E+04  0.337356E+04  0.338031E+04
  0.338706E+04  0.339384E+04  0.340062E+04  0.340744E+04  0.341425E+04
  0.342109E+04  0.342794E+04  0.343478E+04  0.344166E+04  0.344853E+04
  0.345544E+04  0.346234E+04  0.346928E+04  0.347622E+04  0.348316E+04
  0.349012E+04  0.349709E+04  0.350409E+04  0.351109E+04  0.351812E+04
  0.352516E+04  0.353222E+04  0.353928E+04  0.354638E+04  0.355347E+04
  0.356056E+04  0.356769E+04  0.357481E+04  0.358197E+04  0.358912E+04
  0.359631E+04  0.360350E+04  0.361072E+04  0.361794E+04  0.362519E+04
  0.363244E+04  0.363969E+04  0.364697E+04  0.365425E+04  0.366156E+04
  0.366888E+04  0.367622E+04  0.368356E+04  0.369094E+04  0.369831E+04
  0.370572E+04  0.371312E+04  0.372056E+04  0.372800E+04  0.373547E+04
  0.374294E+04  0.375044E+04  0.375794E+04  0.376547E+04  0.377300E+04
  0.378053E+04  0.378809E+04  0.379566E+04  0.380325E+04  0.381084E+04
  0.381847E+04  0.382609E+04  0.383375E+04  0.384141E+04  0.384909E+04
  0.385678E+04  0.386450E+04  0.387222E+04  0.387997E+04  0.388772E+04
  0.389550E+04  0.390328E+04  0.391109E+04  0.391891E+04  0.392675E+04
  0.393459E+04  0.394247E+04  0.395034E+04  0.395825E+04  0.396616E+04
  0.397409E+04  0.398203E+04  0.399000E+04  0.399797E+04  0.400597E+04
  0.401397E+04  0.402200E+04  0.403003E+04  0.403809E+04  0.404616E+04
  0.405425E+04  0.406234E+04  0.407047E+04  0.407862E+04  0.408678E+04
  0.409497E+04  0.410316E+04  0.411138E+04  0.411959E+04  0.412784E+04
  0.413609E+04  0.414438E+04  0.415266E+04  0.416097E+04  0.416928E+04
  0.417762E+04  0.418597E+04  0.419434E+04  0.420272E+04  0.421112E+04
  0.421956E+04  0.422800E+04  0.423647E+04  0.424494E+04  0.425344E+04
  0.426194E+04  0.427047E+04  0.427900E+04  0.428756E+04  0.429612E+04
  0.430472E+04  0.431334E+04  0.432197E+04  0.433062E+04  0.433928E+04
  0.434797E+04  0.435666E+04  0.436538E+04  0.437409E+04  0.438284E+04
  0.439162E+04  0.440041E+04  0.440922E+04  0.441803E+04  0.442688E+04
  0.443572E+04  0.444459E+04  0.445347E+04  0.446238E+04  0.447131E+04
  0.448025E+04  0.448922E+04  0.449819E+04  0.450719E+04  0.451619E+04
  0.452522E+04  0.453428E+04  0.454334E+04  0.455244E+04  0.456153E+04
  0.457066E+04  0.457981E+04  0.458897E+04  0.459816E+04  0.460734E+04
  0.461656E+04  0.462578E+04  0.463503E+04  0.464431E+04  0.465359E+04
  0.466291E+04  0.467222E+04  0.468156E+04  0.469094E+04  0.470031E+04
  0.470972E+04  0.471912E+04  0.472856E+04  0.473803E+04  0.474750E+04
  0.475700E+04  0.476650E+04  0.477603E+04  0.478559E+04  0.479516E+04
  0.480475E+04  0.481438E+04  0.482400E+04  0.483366E+04  0.484331E+04
  0.485300E+04  0.486272E+04  0.487244E+04  0.488219E+04  0.489194E+04
  0.490172E+04  0.491153E+04  0.492134E+04  0.493119E+04  0.494106E+04
  0.495094E+04  0.496084E+04  0.497075E+04  0.498069E+04  0.499066E+04
  0.500062E+04  0.501062E+04  0.502066E+04  0.503069E+04  0.504075E+04
  0.505084E+04  0.506094E+04  0.507106E+04  0.508122E+04  0.509138E+04
  0.510156E+04  0.511178E+04  0.512200E+04  0.513225E+04  0.514250E+04
  0.515278E+04  0.516309E+04  0.517341E+04  0.518375E+04  0.519412E+04
  0.520450E+04  0.521491E+04  0.522534E+04  0.523578E+04  0.524625E+04
  0.525675E+04  0.526725E+04  0.527778E+04  0.528834E+04  0.529891E+04
  0.530950E+04  0.532012E+04  0.533075E+04  0.534141E+04  0.535209E+04
  0.536281E+04  0.537353E+04  0.538428E+04  0.539506E+04  0.540584E+04
  0.541666E+04  0.542750E+04  0.543834E+04  0.544922E+04  0.546012E+04
  0.547103E+04  0.548197E+04  0.549294E+04  0.550394E+04  0.551494E+04
  0.552597E+04  0.553703E+04  0.554809E+04  0.555919E+04  0.557031E+04
  0.558147E+04  0.559262E+04  0.560381E+04  0.561503E+04  0.562625E+04
  0.563750E+04  0.564878E+04  0.566009E+04  0.567141E+04  0.568275E+04
  0.569412E+04  0.570550E+04  0.571691E+04  0.572834E+04  0.573981E+04
  0.575128E+04  0.576278E+04  0.577431E+04  0.578588E+04  0.579744E+04
  0.580903E+04  0.582066E+04  0.583231E+04  0.584397E+04  0.585566E+04
  0.586738E+04  0.587912E+04  0.589088E+04  0.590266E+04  0.591447E+04
  0.592631E+04  0.593816E+04  0.595003E+04  0.596194E+04  0.597388E+04
  0.598581E+04  0.599778E+04  0.600978E+04  0.602181E+04  0.603384E+04
  0.604591E+04  0.605800E+04  0.607012E+04  0.608225E+04  0.609441E+04
  0.610659E+04  0.611881E+04  0.613106E+04  0.614331E+04  0.615559E+04
  0.616791E+04  0.618025E+04  0.619262E+04  0.620500E+04  0.621741E+04
  0.622984E+04  0.624231E+04  0.625481E+04  0.626731E+04  0.627984E+04
  0.629241E+04  0.630500E+04  0.631762E+04  0.633025E+04  0.634291E+04
  0.635559E+04  0.636831E+04  0.638106E+04  0.639381E+04  0.640659E+04
  0.641941E+04  0.643225E+04  0.644512E+04  0.645800E+04  0.647091E+04
  0.648384E+04  0.649681E+04  0.650981E+04  0.652284E+04  0.653588E+04
  0.654894E+04  0.656203E+04  0.657516E+04  0.658831E+04  0.660150E+04
  0.661469E+04  0.662791E+04  0.664116E+04  0.665444E+04  0.666775E+04
  0.668109E+04  0.669447E+04  0.670784E+04  0.672125E+04  0.673469E+04
  0.674816E+04  0.676166E+04  0.677519E+04  0.678875E+04  0.680231E+04
  0.681591E+04  0.682953E+04  0.684319E+04  0.685688E+04  0.687059E+04
  0.688434E+04  0.689812E+04  0.691191E+04  0.692572E+04  0.693956E+04
  0.695344E+04  0.696734E+04  0.698128E+04  0.699525E+04  0.700925E+04
  0.702328E+04  0.703731E+04  0.705138E+04  0.706547E+04  0.707959E+04
  0.709375E+04  0.710794E+04  0.712216E+04  0.713641E+04  0.715069E+04
  0.716500E+04  0.717934E+04  0.719369E+04  0.720806E+04  0.722247E+04
  0.723691E+04  0.725138E+04  0.726588E+04  0.728041E+04  0.729497E+04
  0.730956E+04  0.732419E+04  0.733884E+04  0.735353E+04  0.736825E+04
  0.738300E+04  0.739778E+04  0.741256E+04  0.742738E+04  0.744222E+04
  0.745709E+04  0.747200E+04  0.748694E+04  0.750191E+04  0.751691E+04
  0.753194E+04  0.754700E+04  0.756209E+04  0.757722E+04  0.759238E+04
  0.760756E+04  0.762278E+04  0.763803E+04  0.765331E+04  0.766862E+04
  0.768397E+04  0.769934E+04  0.771475E+04  0.773019E+04  0.774566E+04
  0.776116E+04  0.777669E+04  0.779225E+04  0.780784E+04  0.782347E+04
  0.783912E+04  0.785481E+04  0.787053E+04  0.788628E+04  0.790206E+04
  0.791788E+04  0.793372E+04  0.794959E+04  0.796550E+04  0.798144E+04
  0.799741E+04  0.801341E+04  0.802944E+04  0.804550E+04  0.806159E+04
  0.807772E+04  0.809388E+04  0.811006E+04  0.812628E+04  0.814253E+04
  0.815881E+04  0.817512E+04  0.819147E+04  0.820784E+04  0.822425E+04
  0.824069E+04  0.825716E+04  0.827366E+04  0.829022E+04  0.830681E+04
  0.832344E+04  0.834009E+04  0.835678E+04  0.837350E+04  0.839025E+04
  0.840703E+04  0.842384E+04  0.844069E+04  0.845756E+04  0.847447E+04
  0.849141E+04  0.850838E+04  0.852541E+04  0.854247E+04  0.855956E+04
  0.857669E+04  0.859384E+04  0.861103E+04  0.862825E+04  0.864550E+04
  0.866278E+04  0.868009E+04  0.869747E+04  0.871488E+04  0.873231E+04
  0.874978E+04  0.876728E+04  0.878481E+04  0.880238E+04  0.881997E+04
  0.883759E+04  0.885528E+04  0.887300E+04  0.889075E+04  0.890853E+04
  0.892634E+04  0.894419E+04  0.896206E+04  0.898000E+04  0.899797E+04
  0.901597E+04  0.903400E+04  0.905206E+04  0.907016E+04  0.908828E+04
  0.910647E+04  0.912469E+04  0.914294E+04  0.916122E+04  0.917953E+04
  0.919788E+04  0.921628E+04  0.923472E+04  0.925319E+04  0.927169E+04
  0.929022E+04  0.930881E+04  0.932744E+04  0.934609E+04  0.936478E+04
  0.938350E+04  0.940228E+04  0.942109E+04  0.943994E+04  0.945881E+04
  0.947772E+04  0.949669E+04  0.951569E+04  0.953472E+04  0.955378E+04
  0.957288E+04  0.959203E+04  0.961122E+04  0.963044E+04  0.964969E+04
  0.966900E+04  0.968834E+04  0.970772E+04  0.972712E+04  0.974659E+04
  0.976609E+04  0.978562E+04  0.980519E+04  0.982481E+04  0.984447E+04
  0.986416E+04  0.988388E+04  0.990366E+04  0.992347E+04  0.994331E+04
  0.996319E+04  0.998312E+04  0.100031E+05  0.100231E+05  0.100431E+05
  0.100632E+05  0.100833E+05  0.101035E+05  0.101237E+05  0.101440E+05
  0.101642E+05  0.101846E+05  0.102050E+05  0.102254E+05  0.102458E+05
  0.102663E+05  0.102868E+05  0.103074E+05  0.103280E+05  0.103487E+05
  0.103694E+05  0.103901E+05  0.104109E+05  0.104317E+05  0.104526E+05
  0.104735E+05  0.104944E+05  0.105154E+05  0.105365E+05  0.105575E+05
  0.105787E+05  0.105998E+05  0.106210E+05  0.106422E+05  0.106635E+05
  0.106848E+05  0.107062E+05  0.107276E+05  0.107491E+05  0.107706E+05
  0.107921E+05  0.108137E+05  0.108353E+05  0.108570E+05  0.108787E+05
  0.109005E+05  0.109223E+05  0.109441E+05  0.109660E+05  0.109879E+05
  0.110099E+05  0.110319E+05  0.110540E+05  0.110761E+05  0.110982E+05
  0.111204E+05  0.111427E+05  0.111650E+05  0.111873E+05  0.112097E+05
  0.112321E+05  0.112546E+05  0.112771E+05  0.112996E+05  0.113222E+05
  0.113449E+05  0.113676E+05  0.113903E+05  0.114131E+05  0.114359E+05
  0.114588E+05  0.114817E+05  0.115047E+05  0.115277E+05  0.115507E+05
  0.115738E+05  0.115970E+05  0.116202E+05  0.116434E+05  0.116667E+05
  0.116900E+05  0.117134E+05  0.117368E+05  0.117603E+05  0.117838E+05
  0.118074E+05  0.118310E+05  0.118547E+05  0.118784E+05  0.119022E+05
  0.119260E+05  0.119498E+05  0.119737E+05  0.119977E+05  0.120217E+05
  0.120457E+05  0.120698E+05  0.120939E+05  0.121181E+05  0.121423E+05
  0.121666E+05  0.121910E+05  0.122153E+05  0.122398E+05  0.122642E+05
  0.122888E+05  0.123133E+05  0.123380E+05  0.123627E+05  0.123874E+05
  0.124122E+05  0.124370E+05  0.124618E+05  0.124868E+05  0.125118E+05
  0.125368E+05  0.125618E+05  0.125870E+05  0.126122E+05  0.126374E+05
  0.126627E+05  0.126880E+05  0.127133E+05  0.127388E+05  0.127642E+05
  0.127898E+05  0.128154E+05  0.128410E+05  0.128667E+05  0.128924E+05
  0.129182E+05  0.129440E+05  0.129699E+05  0.129958E+05  0.130218E+05
  0.130479E+05  0.130740E+05  0.131001E+05  0.131263E+05  0.131526E+05
  0.131789E+05  0.132052E+05  0.132316E+05  0.132581E+05  0.132846E+05
  0.133112E+05  0.133378E+05  0.133645E+05  0.133912E+05  0.134180E+05
  0.134448E+05  0.134717E+05  0.134987E+05  0.135257E+05  0.135527E+05
  0.135798E+05  0.136070E+05  0.136342E+05  0.136615E+05  0.136888E+05
  0.137162E+05  0.137436E+05  0.137711E+05  0.137986E+05  0.138262E+05
  0.138539E+05  0.138816E+05  0.139093E+05  0.139372E+05  0.139650E+05
  0.139930E+05  0.140210E+05  0.140490E+05  0.140771E+05  0.141052E+05
  0.141335E+05  0.141618E+05  0.141901E+05  0.142184E+05  0.142469E+05
  0.142754E+05  0.143039E+05  0.143325E+05  0.143612E+05  0.143899E+05
  0.144187E+05  0.144475E+05  0.144764E+05  0.145054E+05  0.145344E+05
  0.145634E+05  0.145926E+05  0.146218E+05  0.146510E+05  0.146803E+05
  0.147097E+05  0.147391E+05  0.147686E+05  0.147981E+05  0.148277E+05
  0.148573E+05  0.148871E+05  0.149168E+05  0.149467E+05  0.149766E+05
  0.150066E+05  0.150366E+05  0.150666E+05  0.150968E+05  0.151269E+05
  0.151572E+05  0.151875E+05  0.152179E+05  0.152483E+05  0.152788E+05
  0.153094E+05  0.153400E+05  0.153707E+05  0.154014E+05  0.154322E+05
  0.154631E+05  0.154941E+05  0.155251E+05  0.155561E+05  0.155872E+05
  0.156184E+05  0.156497E+05  0.156810E+05  0.157124E+05  0.157438E+05
  0.157753E+05  0.158069E+05  0.158385E+05  0.158702E+05  0.159019E+05
  0.159338E+05  0.159656E+05  0.159976E+05  0.160296E+05  0.160616E+05
  0.160938E+05  0.161259E+05  0.161582E+05  0.161905E+05  0.162229E+05
  0.162553E+05  0.162878E+05  0.163204E+05  0.163530E+05  0.163858E+05
  0.164185E+05  0.164514E+05  0.164843E+05  0.165172E+05  0.165503E+05
  0.165834E+05  0.166165E+05  0.166498E+05  0.166831E+05  0.167164E+05
  0.167499E+05  0.167834E+05  0.168169E+05  0.168506E+05  0.168842E+05
  0.169180E+05  0.169519E+05  0.169858E+05  0.170198E+05  0.170538E+05
  0.170879E+05  0.171221E+05  0.171563E+05  0.171906E+05  0.172250E+05
  0.172594E+05  0.172940E+05  0.173286E+05  0.173632E+05  0.173979E+05
  0.174327E+05  0.174676E+05  0.175025E+05  0.175375E+05  0.175726E+05
  0.176078E+05  0.176430E+05  0.176782E+05  0.177136E+05  0.177490E+05
  0.177845E+05  0.178201E+05  0.178557E+05  0.178914E+05  0.179272E+05
  0.179631E+05  0.179990E+05  0.180350E+05  0.180711E+05  0.181072E+05
  0.181434E+05  0.181797E+05  0.182161E+05  0.182525E+05  0.182890E+05
  0.183256E+05  0.183622E+05  0.183990E+05  0.184358E+05  0.184727E+05
  0.185096E+05  0.185466E+05  0.185837E+05  0.186209E+05  0.186581E+05
  0.186954E+05  0.187328E+05  0.187703E+05  0.188078E+05  0.188455E+05
  0.188832E+05  0.189209E+05  0.189588E+05  0.189967E+05  0.190347E+05
  0.190728E+05  0.191109E+05  0.191491E+05  0.191874E+05  0.192258E+05
  0.192642E+05  0.193028E+05  0.193414E+05  0.193801E+05  0.194188E+05
  0.194577E+05  0.194966E+05  0.195356E+05  0.195746E+05  0.196138E+05
  0.196530E+05  0.196923E+05  0.197317E+05  0.197712E+05  0.198107E+05
  0.198503E+05  0.198900E+05  0.199298E+05  0.199697E+05  0.200096E+05
  0.200496E+05  0.200897E+05  0.201299E+05  0.201702E+05  0.202105E+05
  0.202509E+05  0.202914E+05  0.203320E+05  0.203727E+05  0.204134E+05
  0.204542E+05  0.204951E+05  0.205361E+05  0.205772E+05  0.206183E+05
  0.206596E+05  0.207009E+05  0.207423E+05  0.207838E+05  0.208254E+05
  0.208670E+05  0.209088E+05  0.209506E+05  0.209925E+05  0.210345E+05
  0.210765E+05  0.211187E+05  0.211609E+05  0.212032E+05  0.212457E+05
  0.212882E+05  0.213307E+05  0.213734E+05  0.214161E+05  0.214590E+05
  0.215019E+05  0.215449E+05  0.215880E+05  0.216312E+05  0.216744E+05
  0.217178E+05  0.217612E+05  0.218047E+05  0.218483E+05  0.218920E+05
  0.219358E+05  0.219797E+05  0.220237E+05  0.220677E+05  0.221118E+05
  0.221561E+05  0.222004E+05  0.222448E+05  0.222893E+05  0.223339E+05
  0.223785E+05  0.224233E+05  0.224681E+05  0.225131E+05  0.225581E+05
  0.226032E+05  0.226484E+05  0.226938E+05  0.227391E+05  0.227846E+05
  0.228302E+05  0.228758E+05  0.229216E+05  0.229674E+05  0.230133E+05
  0.230594E+05  0.231055E+05  0.231517E+05  0.231980E+05  0.232444E+05
  0.232909E+05  0.233375E+05  0.233842E+05  0.234310E+05  0.234779E+05
  0.235248E+05  0.235719E+05  0.236191E+05  0.236663E+05  0.237137E+05
  0.237611E+05  0.238086E+05  0.238562E+05  0.239040E+05  0.239518E+05
  0.239997E+05  0.240477E+05  0.240958E+05  0.241440E+05  0.241922E+05
  0.242406E+05  0.242891E+05  0.243377E+05  0.243864E+05  0.244352E+05
  0.244840E+05  0.245330E+05  0.245821E+05  0.246312E+05  0.246805E+05
  0.247298E+05  0.247793E+05  0.248289E+05  0.248785E+05  0.249283E+05
  0.249781E+05  0.250281E+05  0.250782E+05  0.251283E+05  0.251786E+05
  0.252289E+05  0.252794E+05  0.253299E+05  0.253806E+05  0.254313E+05
  0.254822E+05  0.255332E+05  0.255842E+05  0.256354E+05  0.256867E+05
  0.257381E+05  0.257895E+05  0.258411E+05  0.258928E+05  0.259446E+05
  0.259965E+05  0.260485E+05  0.261006E+05  0.261528E+05  0.262051E+05
  0.262575E+05  0.263100E+05  0.263626E+05  0.264153E+05  0.264682E+05
  0.265211E+05  0.265741E+05  0.266273E+05  0.266805E+05  0.267339E+05
  0.267874E+05  0.268409E+05  0.268946E+05  0.269484E+05  0.270023E+05
  0.270563E+05  0.271104E+05  0.271647E+05  0.272190E+05  0.272734E+05
  0.273280E+05  0.273827E+05  0.274374E+05  0.274923E+05  0.275473E+05
  0.276024E+05  0.276576E+05  0.277129E+05  0.277683E+05  0.278239E+05
  0.278795E+05  0.279353E+05  0.279912E+05  0.280471E+05  0.281032E+05
  0.281594E+05  0.282158E+05  0.282722E+05  0.283287E+05  0.283854E+05
  0.284422E+05  0.284990E+05  0.285560E+05  0.286132E+05  0.286704E+05
  0.287277E+05  0.287852E+05  0.288428E+05  0.289004E+05  0.289582E+05
  0.290162E+05  0.290742E+05  0.291323E+05  0.291906E+05  0.292490E+05
  0.293075E+05  0.293661E+05  0.294248E+05  0.294837E+05  0.295426E+05
  0.296017E+05  0.296609E+05  0.297202E+05  0.297797E+05  0.298392E+05
  0.298989E+05  0.299588E+05  0.300187E+05  0.300787E+05  0.301388E+05
  0.301991E+05  0.302595E+05  0.303201E+05  0.303807E+05  0.304414E+05
  0.305023E+05  0.305633E+05  0.306244E+05  0.306857E+05  0.307471E+05
  0.308086E+05  0.308702E+05  0.309319E+05  0.309938E+05  0.310558E+05
  0.311179E+05  0.311802E+05  0.312426E+05  0.313051E+05  0.313677E+05
  0.314304E+05  0.314933E+05  0.315563E+05  0.316194E+05  0.316827E+05
  0.317461E+05  0.318096E+05  0.318732E+05  0.319369E+05  0.320008E+05
  0.320648E+05  0.321289E+05  0.321932E+05  0.322576E+05  0.323221E+05
  0.323867E+05  0.324515E+05  0.325164E+05  0.325814E+05  0.326466E+05
  0.327119E+05  0.327773E+05  0.328429E+05  0.329086E+05  0.329744E+05
  0.330403E+05  0.331064E+05  0.331726E+05  0.332390E+05  0.333054E+05
  0.333721E+05  0.334388E+05  0.335057E+05  0.335727E+05  0.336398E+05
  0.337071E+05  0.337745E+05  0.338421E+05  0.339098E+05  0.339776E+05
  0.340456E+05  0.341137E+05  0.341819E+05  0.342502E+05  0.343188E+05
  0.343874E+05  0.344562E+05  0.345251E+05  0.345941E+05  0.346633E+05
  0.347326E+05  0.348021E+05  0.348717E+05  0.349414E+05  0.350113E+05
  0.350813E+05  0.351515E+05  0.352218E+05  0.352922E+05  0.353628E+05
  0.354336E+05  0.355044E+05  0.355754E+05  0.356466E+05  0.357179E+05
  0.357893E+05  0.358609E+05  0.359326E+05  0.360045E+05  0.360765E+05
  0.361487E+05  0.362210E+05  0.362934E+05  0.363660E+05  0.364387E+05
  0.365116E+05  0.365846E+05  0.366578E+05  0.367311E+05  0.368046E+05
  0.368782E+05  0.369519E+05  0.370258E+05  0.370999E+05  0.371741E+05
  0.372484E+05  0.373229E+05  0.373976E+05  0.374723E+05  0.375473E+05
  0.376224E+05  0.376976E+05  0.377730E+05  0.378486E+05  0.379242E+05
  0.380001E+05  0.380761E+05  0.381522E+05  0.382286E+05  0.383050E+05
  0.383817E+05  0.384584E+05  0.385353E+05  0.386124E+05  0.386896E+05
  0.387670E+05  0.388445E+05  0.389222E+05  0.390000E+05  0.390780E+05
  0.391562E+05  0.392345E+05  0.393130E+05  0.393916E+05  0.394704E+05
  0.395493E+05  0.396284E+05  0.397077E+05  0.397871E+05  0.398666E+05
  0.399463E+05  0.400262E+05  0.401063E+05  0.401865E+05  0.402669E+05
  0.403474E+05  0.404281E+05  0.405090E+05  0.405900E+05  0.406712E+05
  0.407525E+05  0.408340E+05  0.409157E+05  0.409975E+05  0.410795E+05
  0.411617E+05  0.412440E+05  0.413265E+05  0.414092E+05  0.414920E+05
  0.415749E+05  0.416581E+05  0.417414E+05  0.418249E+05  0.419085E+05
  0.419923E+05  0.420763E+05  0.421605E+05  0.422448E+05  0.423293E+05
  0.424140E+05  0.424988E+05  0.425838E+05  0.426689E+05  0.427543E+05
  0.428398E+05  0.429255E+05  0.430113E+05  0.430973E+05  0.431835E+05
  0.432699E+05  0.433564E+05  0.434432E+05  0.435300E+05  0.436171E+05
  0.437043E+05  0.437917E+05  0.438793E+05  0.439671E+05  0.440550E+05
  0.441431E+05  0.442314E+05  0.443199E+05  0.444085E+05  0.444973E+05
  0.445863E+05  0.446755E+05  0.447648E+05  0.448544E+05  0.449441E+05
  0.450340E+05  0.451240E+05  0.452143E+05  0.453047E+05  0.453953E+05
  0.454861E+05  0.455771E+05  0.456682E+05  0.457596E+05  0.458511E+05
  0.459428E+05  0.460347E+05  0.461268E+05  0.462190E+05  0.463114E+05
  0.464041E+05  0.464969E+05  0.465899E+05  0.466831E+05  0.467764E+05
  0.468700E+05  0.469638E+05  0.470577E+05  0.471518E+05  0.472461E+05
  0.473406E+05  0.474353E+05  0.475302E+05  0.476252E+05  0.477205E+05
  0.478159E+05  0.479116E+05  0.480074E+05  0.481034E+05  0.481996E+05
  0.482960E+05  0.483926E+05  0.484894E+05  0.485863E+05  0.486835E+05
  0.487809E+05  0.488785E+05  0.489762E+05  0.490742E+05  0.491723E+05
  0.492707E+05  0.493692E+05  0.494679E+05  0.495669E+05  0.496660E+05
  0.497653E+05  0.498649E+05  0.499646E+05  0.500645E+05  0.501647E+05
  0.502650E+05  0.503655E+05  0.504662E+05  0.505672E+05  0.506683E+05
  0.507697E+05  0.508712E+05  0.509729E+05  0.510749E+05  0.511770E+05
  0.512794E+05  0.513819E+05  0.514847E+05  0.515877E+05  0.516908E+05
  0.517942E+05  0.518978E+05  0.520016E+05  0.521056E+05  0.522098E+05
  0.523142E+05  0.524188E+05  0.525237E+05  0.526288E+05  0.527340E+05
  0.528395E+05  0.529452E+05  0.530510E+05  0.531571E+05  0.532634E+05
  0.533700E+05  0.534767E+05  0.535837E+05  0.536908E+05  0.537982E+05
  0.539058E+05  0.540136E+05  0.541217E+05  0.542299E+05  0.543384E+05
  0.544471E+05  0.545560E+05  0.546651E+05  0.547744E+05  0.548840E+05
  0.549938E+05  0.551038E+05  0.552140E+05  0.553244E+05  0.554351E+05
  0.555460E+05  0.556571E+05  0.557684E+05  0.558799E+05  0.559917E+05
  0.561036E+05  0.562158E+05  0.563283E+05  0.564409E+05  0.565538E+05
  0.566669E+05  0.567802E+05  0.568938E+05  0.570076E+05  0.571216E+05
  0.572358E+05  0.573503E+05  0.574650E+05  0.575799E+05  0.576951E+05
  0.578105E+05  0.579261E+05  0.580419E+05  0.581580E+05  0.582743E+05
  0.583909E+05  0.585077E+05  0.586247E+05  0.587419E+05  0.588594E+05
  0.589771E+05  0.590951E+05  0.592133E+05  0.593317E+05  0.594504E+05
  0.595693E+05  0.596884E+05  0.598078E+05  0.599274E+05  0.600472E+05
  0.601673E+05  0.602877E+05  0.604082E+05  0.605291E+05  0.606501E+05
  0.607714E+05  0.608930E+05  0.610148E+05  0.611368E+05  0.612591E+05
  0.613816E+05  0.615043E+05  0.616273E+05  0.617506E+05  0.618741E+05
  0.619978E+05  0.621218E+05  0.622461E+05  0.623706E+05  0.624953E+05
  0.626203E+05  0.627456E+05  0.628711E+05  0.629968E+05  0.631228E+05
  0.632491E+05  0.633756E+05  0.635023E+05  0.636293E+05  0.637566E+05
  0.638841E+05  0.640119E+05  0.641399E+05  0.642682E+05  0.643967E+05
  0.645255E+05  0.646546E+05  0.647839E+05  0.649134E+05  0.650432E+05
  0.651733E+05  0.653037E+05  0.654343E+05  0.655652E+05  0.656963E+05
  0.658277E+05  0.659593E+05  0.660912E+05  0.662234E+05  0.663559E+05
  0.664886E+05  0.666216E+05  0.667548E+05  0.668883E+05  0.670221E+05
  0.671561E+05  0.672904E+05  0.674250E+05  0.675599E+05  0.676950E+05
  0.678304E+05  0.679660E+05  0.681020E+05  0.682382E+05  0.683747E+05
  0.685114E+05  0.686484E+05  0.687858E+05  0.689233E+05  0.690612E+05
  0.691993E+05  0.693377E+05  0.694764E+05  0.696153E+05  0.697545E+05
  0.698940E+05  0.700338E+05  0.701739E+05  0.703142E+05  0.704548E+05
  0.705958E+05  0.707369E+05  0.708784E+05  0.710202E+05  0.711622E+05
  0.713045E+05  0.714471E+05  0.715900E+05  0.717332E+05  0.718767E+05
  0.720204E+05  0.721644E+05  0.723088E+05  0.724534E+05  0.725983E+05
  0.727435E+05  0.728890E+05  0.730348E+05  0.731808E+05  0.733272E+05
  0.734739E+05  0.736208E+05  0.737681E+05  0.739156E+05  0.740634E+05
  0.742116E+05  0.743600E+05  0.745087E+05  0.746578E+05  0.748071E+05
  0.749567E+05  0.751066E+05  0.752568E+05  0.754073E+05  0.755581E+05
  0.757092E+05  0.758607E+05  0.760124E+05  0.761644E+05  0.763168E+05
  0.764694E+05  0.766223E+05  0.767756E+05  0.769291E+05  0.770830E+05
  0.772371E+05  0.773916E+05  0.775464E+05  0.777015E+05  0.778569E+05
  0.780126E+05  0.781686E+05  0.783250E+05  0.784816E+05  0.786386E+05
  0.787959E+05  0.789535E+05  0.791114E+05  0.792696E+05  0.794281E+05
  0.795870E+05  0.797462E+05  0.799057E+05  0.800655E+05  0.802256E+05
  0.803860E+05  0.805468E+05  0.807079E+05  0.808693E+05  0.810311E+05
  0.811931E+05  0.813555E+05  0.815182E+05  0.816812E+05  0.818446E+05
  0.820083E+05  0.821723E+05  0.823367E+05  0.825014E+05  0.826664E+05
  0.828317E+05  0.829974E+05  0.831634E+05  0.833297E+05  0.834963E+05
  0.836633E+05  0.838307E+05  0.839983E+05  0.841663E+05  0.843347E+05
  0.845033E+05  0.846723E+05  0.848417E+05  0.850113E+05  0.851814E+05
  0.853518E+05  0.855225E+05  0.856935E+05  0.858649E+05  0.860366E+05
  0.862087E+05  0.863811E+05  0.865538E+05  0.867269E+05  0.869004E+05
  0.870742E+05  0.872483E+05  0.874228E+05  0.875977E+05  0.877729E+05
  0.879484E+05  0.881243E+05  0.883006E+05  0.884772E+05  0.886541E+05
  0.888314E+05  0.890091E+05  0.891871E+05  0.893655E+05  0.895442E+05
  0.897233E+05  0.899028E+05  0.900826E+05  0.902627E+05  0.904432E+05
  0.906241E+05  0.908054E+05  0.909870E+05  0.911690E+05  0.913513E+05
  0.915340E+05  0.917171E+05  0.919005E+05  0.920843E+05  0.922685E+05
  0.924530E+05  0.926379E+05  0.928232E+05  0.930088E+05  0.931949E+05
  0.933812E+05  0.935680E+05  0.937551E+05  0.939426E+05  0.941305E+05
  0.943188E+05  0.945074E+05  0.946964E+05  0.948858E+05  0.950000E+05
  Time channel widths (musec) :- 
  0.312500E+00  0.312500E+00  0.312500E+00  0.312500E+00  0.312500E+00
  0.312500E+00  0.312500E+00  0.312500E+00  0.312500E+00  0.312500E+00
  0.312500E+00  0.312500E+00  0.312500E+00  0.312500E+00  0.312500E+00
  0.312500E+00  0.312500E+00  0.312500E+00  0.312500E+00  0.312500E+00
  0.312500E+00  0.312500E+00  0.312500E+00  0.312500E+00  0.312500E+00
  0.312500E+00  0.312500E+00  0.312500E+00  0.312500E+00  0.312500E+00
  0.312500E+00  0.312500E+00  0.312500E+00  0.312500E+00  0.312500E+00
  0.312500E+00  0.312500E+00  0.312500E+00  0.312500E+00  0.312500E+00
  0.312500E+00  0.312500E+00  0.312500E+00  0.312500E+00  0.312500E+00
  0.343750E+00  0.343750E+00  0.343750E+00  0.343750E+00  0.343750E+00
  0.343750E+00  0.343750E+00  0.343750E+00  0.343750E+00  0.343750E+00
  0.343750E+00  0.343750E+00  0.343750E+00  0.343750E+00  0.343750E+00
  0.343750E+00  0.343750E+00  0.343750E+00  0.343750E+00  0.343750E+00
  0.343750E+00  0.343750E+00  0.343750E+00  0.343750E+00  0.343750E+00
  0.343750E+00  0.343750E+00  0.343750E+00  0.343750E+00  0.343750E+00
  0.343750E+00  0.343750E+00  0.343750E+00  0.343750E+00  0.343750E+00
  0.343750E+00  0.343750E+00  0.343750E+00  0.343750E+00  0.343750E+00
  0.343750E+00  0.343750E+00  0.343750E+00  0.343750E+00  0.343750E+00
  0.343750E+00  0.375000E+00  0.375000E+00  0.375000E+00  0.375000E+00
  0.375000E+00  0.375000E+00  0.375000E+00  0.375000E+00  0.375000E+00
  0.375000E+00  0.375000E+00  0.375000E+00  0.375000E+00  0.375000E+00
  0.375000E+00  0.375000E+00  0.375000E+00  0.375000E+00  0.375000E+00
  0.375000E+00  0.375000E+00  0.375000E+00  0.375000E+00  0.375000E+00
  0.375000E+00  0.375000E+00  0.375000E+00  0.375000E+00  0.375000E+00
  0.375000E+00  0.375000E+00  0.375000E+00  0.375000E+00  0.375000E+00
  0.375000E+00  0.375000E+00  0.375000E+00  0.375000E+00  0.375000E+00
  0.375000E+00  0.375000E+00  0.375000E+00  0.406250E+00  0.406250E+00
  0.406250E+00  0.406250E+00  0.406250E+00  0.406250E+00  0.406250E+00
  0.406250E+00  0.406250E+00  0.406250E+00  0.406250E+00  0.406250E+00
  0.406250E+00  0.406250E+00  0.406250E+00  0.406250E+00  0.406250E+00
  0.406250E+00  0.406250E+00  0.406250E+00  0.406250E+00  0.406250E+00
  0.406250E+00  0.406250E+00  0.406250E+00  0.406250E+00  0.406250E+00
  0.406250E+00  0.406250E+00  0.406250E+00  0.406250E+00  0.406250E+00
  0.406250E+00  0.406250E+00  0.406250E+00  0.406250E+00  0.406250E+00
  0.406250E+00  0.437500E+00  0.437500E+00  0.437500E+00  0.437500E+00
  0.437500E+00  0.437500E+00  0.437500E+00  0.437500E+00  0.437500E+00
  0.437500E+00  0.437500E+00  0.437500E+00  0.437500E+00  0.437500E+00
  0.437500E+00  0.437500E+00  0.437500E+00  0.437500E+00  0.437500E+00
  0.437500E+00  0.437500E+00  0.437500E+00  0.437500E+00  0.437500E+00
  0.437500E+00  0.437500E+00  0.437500E+00  0.437500E+00  0.437500E+00
  0.437500E+00  0.437500E+00  0.437500E+00  0.437500E+00  0.437500E+00
  0.437500E+00  0.437500E+00  0.468750E+00  0.468750E+00  0.468750E+00
  0.468750E+00  0.468750E+00  0.468750E+00  0.468750E+00  0.468750E+00
  0.468750E+00  0.468750E+00  0.468750E+00  0.468750E+00  0.468750E+00
  0.468750E+00  0.468750E+00  0.468750E+00  0.468750E+00  0.468750E+00
  0.468750E+00  0.468750E+00  0.468750E+00  0.468750E+00  0.468750E+00
  0.468750E+00  0.468750E+00  0.468750E+00  0.468750E+00  0.468750E+00
  0.468750E+00  0.468750E+00  0.468750E+00  0.468750E+00  0.468750E+00
  0.500000E+00  0.500000E+00  0.500000E+00  0.500000E+00  0.500000E+00
  0.500000E+00  0.500000E+00  0.500000E+00  0.500000E+00  0.500000E+00
  0.500000E+00  0.500000E+00  0.500000E+00  0.500000E+00  0.500000E+00
  0.500000E+00  0.500000E+00  0.500000E+00  0.500000E+00  0.500000E+00
  0.500000E+00  0.500000E+00  0.500000E+00  0.500000E+00  0.500000E+00
  0.500000E+00  0.500000E+00  0.500000E+00  0.500000E+00  0.500000E+00
  0.500000E+00  0.500000E+00  0.531250E+00  0.531250E+00  0.531250E+00
  0.531250E+00  0.531250E+00  0.531250E+00  0.531250E+00  0.531250E+00
  0.531250E+00  0.531250E+00  0.531250E+00  0.531250E+00  0.531250E+00
  0.531250E+00  0.531250E+00  0.531250E+00  0.531250E+00  0.531250E+00
  0.531250E+00  0.531250E+00  0.531250E+00  0.531250E+00  0.531250E+00
  0.531250E+00  0.531250E+00  0.531250E+00  0.531250E+00  0.531250E+00
  0.531250E+00  0.562500E+00  0.562500E+00  0.562500E+00  0.562500E+00
  0.562500E+00  0.562500E+00  0.562500E+00  0.562500E+00  0.562500E+00
  0.562500E+00  0.562500E+00  0.562500E+00  0.562500E+00  0.562500E+00
  0.562500E+00  0.562500E+00  0.562500E+00  0.562500E+00  0.562500E+00
  0.562500E+00  0.562500E+00  0.562500E+00  0.562500E+00  0.562500E+00
  0.562500E+00  0.562500E+00  0.562500E+00  0.562500E+00  0.593750E+00
  0.593750E+00  0.593750E+00  0.593750E+00  0.593750E+00  0.593750E+00
  0.593750E+00  0.593750E+00  0.593750E+00  0.593750E+00  0.593750E+00
  0.593750E+00  0.593750E+00  0.593750E+00  0.593750E+00  0.593750E+00
  0.593750E+00  0.593750E+00  0.593750E+00  0.593750E+00  0.593750E+00
  0.593750E+00  0.593750E+00  0.593750E+00  0.593750E+00  0.593750E+00
  0.625000E+00  0.625000E+00  0.625000E+00  0.625000E+00  0.625000E+00
  0.625000E+00  0.625000E+00  0.625000E+00  0.625000E+00  0.625000E+00
  0.625000E+00  0.625000E+00  0.625000E+00  0.625000E+00  0.625000E+00
  0.625000E+00  0.625000E+00  0.625000E+00  0.625000E+00  0.625000E+00
  0.625000E+00  0.625000E+00  0.625000E+00  0.625000E+00  0.625000E+00
  0.656250E+00  0.656250E+00  0.656250E+00  0.656250E+00  0.656250E+00
  0.656250E+00  0.656250E+00  0.656250E+00  0.656250E+00  0.656250E+00
  0.656250E+00  0.656250E+00  0.656250E+00  0.656250E+00  0.656250E+00
  0.656250E+00  0.656250E+00  0.656250E+00  0.656250E+00  0.656250E+00
  0.656250E+00  0.656250E+00  0.656250E+00  0.656250E+00  0.687500E+00
  0.687500E+00  0.687500E+00  0.687500E+00  0.687500E+00  0.687500E+00
  0.687500E+00  0.687500E+00  0.687500E+00  0.687500E+00  0.687500E+00
  0.687500E+00  0.687500E+00  0.687500E+00  0.687500E+00  0.687500E+00
  0.687500E+00  0.687500E+00  0.687500E+00  0.687500E+00  0.687500E+00
  0.687500E+00  0.687500E+00  0.718750E+00  0.718750E+00  0.718750E+00
  0.718750E+00  0.718750E+00  0.718750E+00  0.718750E+00  0.718750E+00
  0.718750E+00  0.718750E+00  0.718750E+00  0.718750E+00  0.718750E+00
  0.718750E+00  0.718750E+00  0.718750E+00  0.718750E+00  0.718750E+00
  0.718750E+00  0.718750E+00  0.718750E+00  0.718750E+00  0.750000E+00
  0.750000E+00  0.750000E+00  0.750000E+00  0.750000E+00  0.750000E+00
  0.750000E+00  0.750000E+00  0.750000E+00  0.750000E+00  0.750000E+00
  0.750000E+00  0.750000E+00  0.750000E+00  0.750000E+00  0.750000E+00
  0.750000E+00  0.750000E+00  0.750000E+00  0.750000E+00  0.781250E+00
  0.781250E+00  0.781250E+00  0.781250E+00  0.781250E+00  0.781250E+00
  0.781250E+00  0.781250E+00  0.781250E+00  0.781250E+00  0.781250E+00
  0.781250E+00  0.781250E+00  0.781250E+00  0.781250E+00  0.781250E+00
  0.781250E+00  0.781250E+00  0.781250E+00  0.781250E+00  0.812500E+00
  0.812500E+00  0.812500E+00  0.812500E+00  0.812500E+00  0.812500E+00
  0.812500E+00  0.812500E+00  0.812500E+00  0.812500E+00  0.812500E+00
  0.812500E+00  0.812500E+00  0.812500E+00  0.812500E+00  0.812500E+00
  0.812500E+00  0.812500E+00  0.812500E+00  0.812500E+00  0.843750E+00
  0.843750E+00  0.843750E+00  0.843750E+00  0.843750E+00  0.843750E+00
  0.843750E+00  0.843750E+00  0.843750E+00  0.843750E+00  0.843750E+00
  0.843750E+00  0.843750E+00  0.843750E+00  0.843750E+00  0.843750E+00
  0.843750E+00  0.843750E+00  0.875000E+00  0.875000E+00  0.875000E+00
  0.875000E+00  0.875000E+00  0.875000E+00  0.875000E+00  0.875000E+00
  0.875000E+00  0.875000E+00  0.875000E+00  0.875000E+00  0.875000E+00
  0.875000E+00  0.875000E+00  0.875000E+00  0.875000E+00  0.875000E+00
  0.906250E+00  0.906250E+00  0.906250E+00  0.906250E+00  0.906250E+00
  0.906250E+00  0.906250E+00  0.906250E+00  0.906250E+00  0.906250E+00
  0.906250E+00  0.906250E+00  0.906250E+00  0.906250E+00  0.906250E+00
  0.906250E+00  0.906250E+00  0.937500E+00  0.937500E+00  0.937500E+00
  0.937500E+00  0.937500E+00  0.937500E+00  0.937500E+00  0.937500E+00
  0.937500E+00  0.937500E+00  0.937500E+00  0.937500E+00  0.937500E+00
  0.937500E+00  0.937500E+00  0.937500E+00  0.937500E+00  0.968750E+00
  0.968750E+00  0.968750E+00  0.968750E+00  0.968750E+00  0.968750E+00
  0.968750E+00  0.968750E+00  0.968750E+00  0.968750E+00  0.968750E+00
  0.968750E+00  0.968750E+00  0.968750E+00  0.968750E+00  0.968750E+00
  0.100000E+01  0.100000E+01  0.100000E+01  0.100000E+01  0.100000E+01
  0.100000E+01  0.100000E+01  0.100000E+01  0.100000E+01  0.100000E+01
  0.100000E+01  0.100000E+01  0.100000E+01  0.100000E+01  0.100000E+01
  0.100000E+01  0.103125E+01  0.103125E+01  0.103125E+01  0.103125E+01
  0.103125E+01  0.103125E+01  0.103125E+01  0.103125E+01  0.103125E+01
  0.103125E+01  0.103125E+01  0.103125E+01  0.103125E+01  0.103125E+01
  0.103125E+01  0.106250E+01  0.106250E+01  0.106250E+01  0.106250E+01
  0.106250E+01  0.106250E+01  0.106250E+01  0.106250E+01  0.106250E+01
  0.106250E+01  0.106250E+01  0.106250E+01  0.106250E+01  0.106250E+01
  0.106250E+01  0.109375E+01  0.109375E+01  0.109375E+01  0.109375E+01
  0.109375E+01  0.109375E+01  0.109375E+01  0.109375E+01  0.109375E+01
  0.109375E+01  0.109375E+01  0.109375E+01  0.109375E+01  0.109375E+01
  0.112500E+01  0.112500E+01  0.112500E+01  0.112500E+01  0.112500E+01
  0.112500E+01  0.112500E+01  0.112500E+01  0.112500E+01  0.112500E+01
  0.112500E+01  0.112500E+01  0.112500E+01  0.112500E+01  0.115625E+01
  0.115625E+01  0.115625E+01  0.115625E+01  0.115625E+01  0.115625E+01
  0.115625E+01  0.115625E+01  0.115625E+01  0.115625E+01  0.115625E+01
  0.115625E+01  0.115625E+01  0.118750E+01  0.118750E+01  0.118750E+01
  0.118750E+01  0.118750E+01  0.118750E+01  0.118750E+01  0.118750E+01
  0.118750E+01  0.118750E+01  0.118750E+01  0.118750E+01  0.118750E+01
  0.118750E+01  0.121875E+01  0.121875E+01  0.121875E+01  0.121875E+01
  0.121875E+01  0.121875E+01  0.121875E+01  0.121875E+01  0.121875E+01
  0.121875E+01  0.121875E+01  0.121875E+01  0.125000E+01  0.125000E+01
  0.125000E+01  0.125000E+01  0.125000E+01  0.125000E+01  0.125000E+01
  0.125000E+01  0.125000E+01  0.125000E+01  0.125000E+01  0.125000E+01
  0.125000E+01  0.128125E+01  0.128125E+01  0.128125E+01  0.128125E+01
  0.128125E+01  0.128125E+01  0.128125E+01  0.128125E+01  0.128125E+01
  0.128125E+01  0.128125E+01  0.128125E+01  0.131250E+01  0.131250E+01
  0.131250E+01  0.131250E+01  0.131250E+01  0.131250E+01  0.131250E+01
  0.131250E+01  0.131250E+01  0.131250E+01  0.131250E+01  0.131250E+01
  0.134375E+01  0.134375E+01  0.134375E+01  0.134375E+01  0.134375E+01
  0.134375E+01  0.134375E+01  0.134375E+01  0.134375E+01  0.134375E+01
  0.134375E+01  0.134375E+01  0.137500E+01  0.137500E+01  0.137500E+01
  0.137500E+01  0.137500E+01  0.137500E+01  0.137500E+01  0.137500E+01
  0.137500E+01  0.137500E+01  0.137500E+01  0.140625E+01  0.140625E+01
  0.140625E+01  0.140625E+01  0.140625E+01  0.140625E+01  0.140625E+01
  0.140625E+01  0.140625E+01  0.140625E+01  0.140625E+01  0.143750E+01
  0.143750E+01  0.143750E+01  0.143750E+01  0.143750E+01  0.143750E+01
  0.143750E+01  0.143750E+01  0.143750E+01  0.143750E+01  0.143750E+01
  0.146875E+01  0.146875E+01  0.146875E+01  0.146875E+01  0.146875E+01
  0.146875E+01  0.146875E+01  0.146875E+01  0.146875E+01  0.146875E+01
  0.146875E+01  0.150000E+01  0.150000E+01  0.150000E+01  0.150000E+01
  0.150000E+01  0.150000E+01  0.150000E+01  0.150000E+01  0.150000E+01
  0.150000E+01  0.153125E+01  0.153125E+01  0.153125E+01  0.153125E+01
  0.153125E+01  0.153125E+01  0.153125E+01  0.153125E+01  0.153125E+01
  0.153125E+01  0.156250E+01  0.156250E+01  0.156250E+01  0.156250E+01
  0.156250E+01  0.156250E+01  0.156250E+01  0.156250E+01  0.156250E+01
  0.156250E+01  0.159375E+01  0.159375E+01  0.159375E+01  0.159375E+01
  0.159375E+01  0.159375E+01  0.159375E+01  0.159375E+01  0.159375E+01
  0.159375E+01  0.162500E+01  0.162500E+01  0.162500E+01  0.162500E+01
  0.162500E+01  0.162500E+01  0.162500E+01  0.162500E+01  0.162500E+01
  0.162500E+01  0.165625E+01  0.165625E+01  0.165625E+01  0.165625E+01
  0.165625E+01  0.165625E+01  0.165625E+01  0.165625E+01  0.165625E+01
  0.168750E+01  0.168750E+01  0.168750E+01  0.168750E+01  0.168750E+01
  0.168750E+01  0.168750E+01  0.168750E+01  0.168750E+01  0.171875E+01
  0.171875E+01  0.171875E+01  0.171875E+01  0.171875E+01  0.171875E+01
  0.171875E+01  0.171875E+01  0.171875E+01  0.171875E+01  0.175000E+01
  0.175000E+01  0.175000E+01  0.175000E+01  0.175000E+01  0.175000E+01
  0.175000E+01  0.175000E+01  0.175000E+01  0.178125E+01  0.178125E+01
  0.178125E+01  0.178125E+01  0.178125E+01  0.178125E+01  0.178125E+01
  0.178125E+01  0.181250E+01  0.181250E+01  0.181250E+01  0.181250E+01
  0.181250E+01  0.181250E+01  0.181250E+01  0.181250E+01  0.181250E+01
  0.184375E+01  0.184375E+01  0.184375E+01  0.184375E+01  0.184375E+01
  0.184375E+01  0.184375E+01  0.184375E+01  0.187500E+01  0.187500E+01
  0.187500E+01  0.187500E+01  0.187500E+01  0.187500E+01  0.187500E+01
  0.187500E+01  0.187500E+01  0.190625E+01  0.190625E+01  0.190625E+01
  0.190625E+01  0.190625E+01  0.190625E+01  0.190625E+01  0.190625E+01
  0.193750E+01  0.193750E+01  0.193750E+01  0.193750E+01  0.193750E+01
  0.193750E+01  0.193750E+01  0.193750E+01  0.196875E+01  0.196875E+01
  0.196875E+01  0.196875E+01  0.196875E+01  0.196875E+01  0.196875E+01
  0.196875E+01  0.200000E+01  0.200000E+01  0.200000E+01  0.200000E+01
  0.200000E+01  0.200000E+01  0.200000E+01  0.200000E+01  0.203125E+01
  0.203125E+01  0.203125E+01  0.203125E+01  0.203125E+01  0.203125E+01
  0.203125E+01  0.203125E+01  0.206250E+01  0.206250E+01  0.206250E+01
  0.206250E+01  0.206250E+01  0.206250E+01  0.206250E+01  0.209375E+01
  0.209375E+01  0.209375E+01  0.209375E+01  0.209375E+01  0.209375E+01
  0.209375E+01  0.209375E+01  0.212500E+01  0.212500E+01  0.212500E+01
  0.212500E+01  0.212500E+01  0.212500E+01  0.212500E+01  0.215625E+01
  0.215625E+01  0.215625E+01  0.215625E+01  0.215625E+01  0.215625E+01
  0.215625E+01  0.218750E+01  0.218750E+01  0.218750E+01  0.218750E+01
  0.218750E+01  0.218750E+01  0.218750E+01  0.221875E+01  0.221875E+01
  0.221875E+01  0.221875E+01  0.221875E+01  0.221875E+01  0.221875E+01
  0.225000E+01  0.225000E+01  0.225000E+01  0.225000E+01  0.225000E+01
  0.225000E+01  0.225000E+01  0.228125E+01  0.228125E+01  0.228125E+01
  0.228125E+01  0.228125E+01  0.228125E+01  0.228125E+01  0.231250E+01
  0.231250E+01  0.231250E+01  0.231250E+01  0.231250E+01  0.231250E+01
  0.231250E+01  0.234375E+01  0.234375E+01  0.234375E+01  0.234375E+01
  0.234375E+01  0.234375E+01  0.234375E+01  0.237500E+01  0.237500E+01
  0.237500E+01  0.237500E+01  0.237500E+01  0.237500E+01  0.240625E+01
  0.240625E+01  0.240625E+01  0.240625E+01  0.240625E+01  0.240625E+01
  0.240625E+01  0.243750E+01  0.243750E+01  0.243750E+01  0.243750E+01
  0.243750E+01  0.243750E+01  0.246875E+01  0.246875E+01  0.246875E+01
  0.246875E+01  0.246875E+01  0.246875E+01  0.250000E+01  0.250000E+01
  0.250000E+01  0.250000E+01  0.250000E+01  0.250000E+01  0.250000E+01
  0.253125E+01  0.253125E+01  0.253125E+01  0.253125E+01  0.253125E+01
  0.253125E+01  0.256250E+01  0.256250E+01  0.256250E+01  0.256250E+01
  0.256250E+01  0.256250E+01  0.259375E+01  0.259375E+01  0.259375E+01
  0.259375E+01  0.259375E+01  0.259375E+01  0.262500E+01  0.262500E+01
  0.262500E+01  0.262500E+01  0.262500E+01  0.262500E+01  0.265625E+01
  0.265625E+01  0.265625E+01  0.265625E+01  0.265625E+01  0.265625E+01
  0.268750E+01  0.268750E+01  0.268750E+01  0.268750E+01  0.268750E+01
  0.268750E+01  0.271875E+01  0.271875E+01  0.271875E+01  0.271875E+01
  0.271875E+01  0.275000E+01  0.275000E+01  0.275000E+01  0.275000E+01
  0.275000E+01  0.275000E+01  0.278125E+01  0.278125E+01  0.278125E+01
  0.278125E+01  0.278125E+01  0.278125E+01  0.281250E+01  0.281250E+01
  0.281250E+01  0.281250E+01  0.281250E+01  0.284375E+01  0.284375E+01
  0.284375E+01  0.284375E+01  0.284375E+01  0.284375E+01  0.287500E+01
  0.287500E+01  0.287500E+01  0.287500E+01  0.287500E+01  0.290625E+01
  0.290625E+01  0.290625E+01  0.290625E+01  0.290625E+01  0.290625E+01
  0.293750E+01  0.293750E+01  0.293750E+01  0.293750E+01  0.293750E+01
  0.296875E+01  0.296875E+01  0.296875E+01  0.296875E+01  0.296875E+01
  0.300000E+01  0.300000E+01  0.300000E+01  0.300000E+01  0.300000E+01
  0.303125E+01  0.303125E+01  0.303125E+01  0.303125E+01  0.303125E+01
  0.303125E+01  0.306250E+01  0.306250E+01  0.306250E+01  0.306250E+01
  0.306250E+01  0.309375E+01  0.309375E+01  0.309375E+01  0.309375E+01
  0.309375E+01  0.312500E+01  0.312500E+01  0.312500E+01  0.312500E+01
  0.312500E+01  0.315625E+01  0.315625E+01  0.315625E+01  0.315625E+01
  0.315625E+01  0.318750E+01  0.318750E+01  0.318750E+01  0.318750E+01
  0.318750E+01  0.321875E+01  0.321875E+01  0.321875E+01  0.321875E+01
  0.321875E+01  0.325000E+01  0.325000E+01  0.325000E+01  0.325000E+01
  0.328125E+01  0.328125E+01  0.328125E+01  0.328125E+01  0.328125E+01
  0.331250E+01  0.331250E+01  0.331250E+01  0.331250E+01  0.331250E+01
  0.334375E+01  0.334375E+01  0.334375E+01  0.334375E+01  0.337500E+01
  0.337500E+01  0.337500E+01  0.337500E+01  0.337500E+01  0.340625E+01
  0.340625E+01  0.340625E+01  0.340625E+01  0.340625E+01  0.343750E+01
  0.343750E+01  0.343750E+01  0.343750E+01  0.346875E+01  0.346875E+01
  0.346875E+01  0.346875E+01  0.346875E+01  0.350000E+01  0.350000E+01
  0.350000E+01  0.350000E+01  0.353125E+01  0.353125E+01  0.353125E+01
  0.353125E+01  0.353125E+01  0.356250E+01  0.356250E+01  0.356250E+01
  0.356250E+01  0.359375E+01  0.359375E+01  0.359375E+01  0.359375E+01
  0.362500E+01  0.362500E+01  0.362500E+01  0.362500E+01  0.362500E+01
  0.365625E+01  0.365625E+01  0.365625E+01  0.365625E+01  0.368750E+01
  0.368750E+01  0.368750E+01  0.368750E+01  0.371875E+01  0.371875E+01
  0.371875E+01  0.371875E+01  0.375000E+01  0.375000E+01  0.375000E+01
  0.375000E+01  0.375000E+01  0.378125E+01  0.378125E+01  0.378125E+01
  0.378125E+01  0.381250E+01  0.381250E+01  0.381250E+01  0.381250E+01
  0.384375E+01  0.384375E+01  0.384375E+01  0.384375E+01  0.387500E+01
  0.387500E+01  0.387500E+01  0.387500E+01  0.390625E+01  0.390625E+01
  0.390625E+01  0.390625E+01  0.393750E+01  0.393750E+01  0.393750E+01
  0.393750E+01  0.396875E+01  0.396875E+01  0.396875E+01  0.396875E+01
  0.400000E+01  0.400000E+01  0.400000E+01  0.400000E+01  0.403125E+01
  0.403125E+01  0.403125E+01  0.403125E+01  0.406250E+01  0.406250E+01
  0.406250E+01  0.406250E+01  0.409375E+01  0.409375E+01  0.409375E+01
  0.412500E+01  0.412500E+01  0.412500E+01  0.412500E+01  0.415625E+01
  0.415625E+01  0.415625E+01  0.415625E+01  0.418750E+01  0.418750E+01
  0.418750E+01  0.418750E+01  0.421875E+01  0.421875E+01  0.421875E+01
  0.425000E+01  0.425000E+01  0.425000E+01  0.425000E+01  0.428125E+01
  0.428125E+01  0.428125E+01  0.428125E+01  0.431250E+01  0.431250E+01
  0.431250E+01  0.434375E+01  0.434375E+01  0.434375E+01  0.434375E+01
  0.437500E+01  0.437500E+01  0.437500E+01  0.440625E+01  0.440625E+01
  0.440625E+01  0.440625E+01  0.443750E+01  0.443750E+01  0.443750E+01
  0.443750E+01  0.446875E+01  0.446875E+01  0.446875E+01  0.450000E+01
  0.450000E+01  0.450000E+01  0.450000E+01  0.453125E+01  0.453125E+01
  0.453125E+01  0.456250E+01  0.456250E+01  0.456250E+01  0.459375E+01
  0.459375E+01  0.459375E+01  0.459375E+01  0.462500E+01  0.462500E+01
  0.462500E+01  0.465625E+01  0.465625E+01  0.465625E+01  0.465625E+01
  0.468750E+01  0.468750E+01  0.468750E+01  0.471875E+01  0.471875E+01
  0.471875E+01  0.475000E+01  0.475000E+01  0.475000E+01  0.475000E+01
  0.478125E+01  0.478125E+01  0.478125E+01  0.481250E+01  0.481250E+01
  0.481250E+01  0.484375E+01  0.484375E+01  0.484375E+01  0.487500E+01
  0.487500E+01  0.487500E+01  0.490625E+01  0.490625E+01  0.490625E+01
  0.490625E+01  0.493750E+01  0.493750E+01  0.493750E+01  0.496875E+01
  0.496875E+01  0.496875E+01  0.500000E+01  0.500000E+01  0.500000E+01
  0.503125E+01  0.503125E+01  0.503125E+01  0.506250E+01  0.506250E+01
  0.506250E+01  0.509375E+01  0.509375E+01  0.509375E+01  0.512500E+01
  0.512500E+01  0.512500E+01  0.515625E+01  0.515625E+01  0.515625E+01
  0.518750E+01  0.518750E+01  0.518750E+01  0.521875E+01  0.521875E+01
  0.521875E+01  0.525000E+01  0.525000E+01  0.525000E+01  0.528125E+01
  0.528125E+01  0.528125E+01  0.531250E+01  0.531250E+01  0.531250E+01
  0.534375E+01  0.534375E+01  0.534375E+01  0.537500E+01  0.537500E+01
  0.537500E+01  0.540625E+01  0.540625E+01  0.540625E+01  0.543750E+01
  0.543750E+01  0.543750E+01  0.546875E+01  0.546875E+01  0.546875E+01
  0.550000E+01  0.550000E+01  0.550000E+01  0.553125E+01  0.553125E+01
  0.556250E+01  0.556250E+01  0.556250E+01  0.559375E+01  0.559375E+01
  0.559375E+01  0.562500E+01  0.562500E+01  0.562500E+01  0.565625E+01
  0.565625E+01  0.565625E+01  0.568750E+01  0.568750E+01  0.571875E+01
  0.571875E+01  0.571875E+01  0.575000E+01  0.575000E+01  0.575000E+01
  0.578125E+01  0.578125E+01  0.578125E+01  0.581250E+01  0.581250E+01
  0.584375E+01  0.584375E+01  0.584375E+01  0.587500E+01  0.587500E+01
  0.587500E+01  0.590625E+01  0.590625E+01  0.593750E+01  0.593750E+01
  0.593750E+01  0.596875E+01  0.596875E+01  0.600000E+01  0.600000E+01
  0.600000E+01  0.603125E+01  0.603125E+01  0.603125E+01  0.606250E+01
  0.606250E+01  0.609375E+01  0.609375E+01  0.609375E+01  0.612500E+01
  0.612500E+01  0.615625E+01  0.615625E+01  0.615625E+01  0.618750E+01
  0.618750E+01  0.621875E+01  0.621875E+01  0.621875E+01  0.625000E+01
  0.625000E+01  0.628125E+01  0.628125E+01  0.628125E+01  0.631250E+01
  0.631250E+01  0.634375E+01  0.634375E+01  0.634375E+01  0.637500E+01
  0.637500E+01  0.640625E+01  0.640625E+01  0.640625E+01  0.643750E+01
  0.643750E+01  0.646875E+01  0.646875E+01  0.646875E+01  0.650000E+01
  0.650000E+01  0.653125E+01  0.653125E+01  0.656250E+01  0.656250E+01
  0.656250E+01  0.659375E+01  0.659375E+01  0.662500E+01  0.662500E+01
  0.662500E+01  0.665625E+01  0.665625E+01  0.668750E+01  0.668750E+01
  0.671875E+01  0.671875E+01  0.671875E+01  0.675000E+01  0.675000E+01
  0.678125E+01  0.678125E+01  0.681250E+01  0.681250E+01  0.684375E+01
  0.684375E+01  0.684375E+01  0.687500E+01  0.687500E+01  0.690625E+01
  0.690625E+01  0.693750E+01  0.693750E+01  0.693750E+01  0.696875E+01
  0.696875E+01  0.700000E+01  0.700000E+01  0.703125E+01  0.703125E+01
  0.706250E+01  0.706250E+01  0.709375E+01  0.709375E+01  0.709375E+01
  0.712500E+01  0.712500E+01  0.715625E+01  0.715625E+01  0.718750E+01
  0.718750E+01  0.721875E+01  0.721875E+01  0.725000E+01  0.725000E+01
  0.725000E+01  0.728125E+01  0.728125E+01  0.731250E+01  0.731250E+01
  0.734375E+01  0.734375E+01  0.737500E+01  0.737500E+01  0.740625E+01
  0.740625E+01  0.743750E+01  0.743750E+01  0.746875E+01  0.746875E+01
  0.750000E+01  0.750000E+01  0.753125E+01  0.753125E+01  0.753125E+01
  0.756250E+01  0.756250E+01  0.759375E+01  0.759375E+01  0.762500E+01
  0.762500E+01  0.765625E+01  0.765625E+01  0.768750E+01  0.768750E+01
  0.771875E+01  0.771875E+01  0.775000E+01  0.775000E+01  0.778125E+01
  0.778125E+01  0.781250E+01  0.781250E+01  0.784375E+01  0.784375E+01
  0.787500E+01  0.787500E+01  0.790625E+01  0.790625E+01  0.793750E+01
  0.793750E+01  0.796875E+01  0.796875E+01  0.800000E+01  0.800000E+01
  0.803125E+01  0.803125E+01  0.806250E+01  0.806250E+01  0.809375E+01
  0.809375E+01  0.812500E+01  0.815625E+01  0.815625E+01  0.818750E+01
  0.818750E+01  0.821875E+01  0.821875E+01  0.825000E+01  0.825000E+01
  0.828125E+01  0.828125E+01  0.831250E+01  0.831250E+01  0.834375E+01
  0.834375E+01  0.837500E+01  0.837500E+01  0.840625E+01  0.843750E+01
  0.843750E+01  0.846875E+01  0.846875E+01  0.850000E+01  0.850000E+01
  0.853125E+01  0.853125E+01  0.856250E+01  0.856250E+01  0.859375E+01
  0.862500E+01  0.862500E+01  0.865625E+01  0.865625E+01  0.868750E+01
  0.868750E+01  0.871875E+01  0.871875E+01  0.875000E+01  0.878125E+01
  0.878125E+01  0.881250E+01  0.881250E+01  0.884375E+01  0.884375E+01
  0.887500E+01  0.887500E+01  0.890625E+01  0.893750E+01  0.893750E+01
  0.896875E+01  0.896875E+01  0.900000E+01  0.900000E+01  0.903125E+01
  0.906250E+01  0.906250E+01  0.909375E+01  0.909375E+01  0.912500E+01
  0.915625E+01  0.915625E+01  0.918750E+01  0.918750E+01  0.921875E+01
  0.921875E+01  0.925000E+01  0.928125E+01  0.928125E+01  0.931250E+01
  0.931250E+01  0.934375E+01  0.937500E+01  0.937500E+01  0.940625E+01
  0.940625E+01  0.943750E+01  0.946875E+01  0.946875E+01  0.950000E+01
  0.950000E+01  0.953125E+01  0.956250E+01  0.956250E+01  0.959375E+01
  0.962500E+01  0.962500E+01  0.965625E+01  0.965625E+01  0.968750E+01
  0.971875E+01  0.971875E+01  0.975000E+01  0.975000E+01  0.978125E+01
  0.981250E+01  0.981250E+01  0.984375E+01  0.987500E+01  0.987500E+01
  0.990625E+01  0.990625E+01  0.993750E+01  0.996875E+01  0.996875E+01
  0.100000E+02  0.100312E+02  0.100312E+02  0.100625E+02  0.100938E+02
  0.100938E+02  0.101250E+02  0.101562E+02  0.101562E+02  0.101875E+02
  0.102188E+02  0.102188E+02  0.102500E+02  0.102500E+02  0.102812E+02
  0.103125E+02  0.103125E+02  0.103438E+02  0.103750E+02  0.103750E+02
  0.104062E+02  0.104375E+02  0.104375E+02  0.104688E+02  0.105000E+02
  0.105000E+02  0.105312E+02  0.105625E+02  0.105625E+02  0.105938E+02
  0.106250E+02  0.106250E+02  0.106562E+02  0.106875E+02  0.107188E+02
  0.107188E+02  0.107500E+02  0.107812E+02  0.107812E+02  0.108125E+02
  0.108438E+02  0.108438E+02  0.108750E+02  0.109062E+02  0.109062E+02
  0.109375E+02  0.109688E+02  0.110000E+02  0.110000E+02  0.110312E+02
  0.110625E+02  0.110625E+02  0.110938E+02  0.111250E+02  0.111562E+02
  0.111562E+02  0.111875E+02  0.112188E+02  0.112188E+02  0.112500E+02
  0.112812E+02  0.113125E+02  0.113125E+02  0.113438E+02  0.113750E+02
  0.113750E+02  0.114062E+02  0.114375E+02  0.114688E+02  0.114688E+02
  0.115000E+02  0.115312E+02  0.115625E+02  0.115625E+02  0.115938E+02
  0.116250E+02  0.116562E+02  0.116562E+02  0.116875E+02  0.117188E+02
  0.117500E+02  0.117500E+02  0.117812E+02  0.118125E+02  0.118438E+02
  0.118438E+02  0.118750E+02  0.119062E+02  0.119375E+02  0.119375E+02
  0.119688E+02  0.120000E+02  0.120312E+02  0.120312E+02  0.120625E+02
  0.120938E+02  0.121250E+02  0.121250E+02  0.121562E+02  0.121875E+02
  0.122188E+02  0.122500E+02  0.122500E+02  0.122812E+02  0.123125E+02
  0.123438E+02  0.123750E+02  0.123750E+02  0.124062E+02  0.124375E+02
  0.124688E+02  0.125000E+02  0.125000E+02  0.125312E+02  0.125625E+02
  0.125938E+02  0.126250E+02  0.126250E+02  0.126562E+02  0.126875E+02
  0.127188E+02  0.127500E+02  0.127500E+02  0.127812E+02  0.128125E+02
  0.128438E+02  0.128750E+02  0.128750E+02  0.129062E+02  0.129375E+02
  0.129688E+02  0.130000E+02  0.130312E+02  0.130312E+02  0.130625E+02
  0.130938E+02  0.131250E+02  0.131562E+02  0.131875E+02  0.131875E+02
  0.132188E+02  0.132500E+02  0.132812E+02  0.133125E+02  0.133438E+02
  0.133750E+02  0.133750E+02  0.134062E+02  0.134375E+02  0.134688E+02
  0.135000E+02  0.135312E+02  0.135625E+02  0.135625E+02  0.135938E+02
  0.136250E+02  0.136562E+02  0.136875E+02  0.137188E+02  0.137500E+02
  0.137812E+02  0.137812E+02  0.138125E+02  0.138438E+02  0.138750E+02
  0.139062E+02  0.139375E+02  0.139688E+02  0.140000E+02  0.140312E+02
  0.140312E+02  0.140625E+02  0.140938E+02  0.141250E+02  0.141562E+02
  0.141875E+02  0.142188E+02  0.142500E+02  0.142812E+02  0.143125E+02
  0.143438E+02  0.143438E+02  0.143750E+02  0.144062E+02  0.144375E+02
  0.144688E+02  0.145000E+02  0.145312E+02  0.145625E+02  0.145938E+02
  0.146250E+02  0.146562E+02  0.146875E+02  0.147188E+02  0.147500E+02
  0.147812E+02  0.147812E+02  0.148125E+02  0.148438E+02  0.148750E+02
  0.149062E+02  0.149375E+02  0.149688E+02  0.150000E+02  0.150312E+02
  0.150625E+02  0.150938E+02  0.151250E+02  0.151562E+02  0.151875E+02
  0.152188E+02  0.152500E+02  0.152812E+02  0.153125E+02  0.153438E+02
  0.153750E+02  0.154062E+02  0.154375E+02  0.154688E+02  0.155000E+02
  0.155312E+02  0.155625E+02  0.155938E+02  0.156250E+02  0.156562E+02
  0.156875E+02  0.157188E+02  0.157500E+02  0.157812E+02  0.158125E+02
  0.158438E+02  0.158750E+02  0.159062E+02  0.159375E+02  0.159688E+02
  0.160000E+02  0.160312E+02  0.160625E+02  0.160938E+02  0.161250E+02
  0.161562E+02  0.161875E+02  0.162188E+02  0.162500E+02  0.162812E+02
  0.163125E+02  0.163438E+02  0.163750E+02  0.164062E+02  0.164375E+02
  0.164688E+02  0.165000E+02  0.165625E+02  0.165938E+02  0.166250E+02
  0.166562E+02  0.166875E+02  0.167188E+02  0.167500E+02  0.167812E+02
  0.168125E+02  0.168438E+02  0.168750E+02  0.169062E+02  0.169375E+02
  0.169688E+02  0.170312E+02  0.170625E+02  0.170938E+02  0.171250E+02
  0.171562E+02  0.171875E+02  0.172188E+02  0.172500E+02  0.172812E+02
  0.173125E+02  0.173750E+02  0.174062E+02  0.174375E+02  0.174688E+02
  0.175000E+02  0.175312E+02  0.175625E+02  0.175938E+02  0.176250E+02
  0.176875E+02  0.177188E+02  0.177500E+02  0.177812E+02  0.178125E+02
  0.178438E+02  0.178750E+02  0.179375E+02  0.179688E+02  0.180000E+02
  0.180312E+02  0.180625E+02  0.180938E+02  0.181250E+02  0.181875E+02
  0.182188E+02  0.182500E+02  0.182812E+02  0.183125E+02  0.183438E+02
  0.184062E+02  0.184375E+02  0.184688E+02  0.185000E+02  0.185312E+02
  0.185938E+02  0.186250E+02  0.186562E+02  0.186875E+02  0.187188E+02
  0.187812E+02  0.188125E+02  0.188438E+02  0.188750E+02  0.189062E+02
  0.189688E+02  0.190000E+02  0.190312E+02  0.190625E+02  0.190938E+02
  0.191562E+02  0.191875E+02  0.192188E+02  0.192500E+02  0.193125E+02
  0.193438E+02  0.193750E+02  0.194062E+02  0.194688E+02  0.195000E+02
  0.195312E+02  0.195625E+02  0.196250E+02  0.196562E+02  0.196875E+02
  0.197188E+02  0.197812E+02  0.198125E+02  0.198438E+02  0.198750E+02
  0.199375E+02  0.199688E+02  0.200000E+02  0.200312E+02  0.200938E+02
  0.201250E+02  0.201562E+02  0.202188E+02  0.202500E+02  0.202812E+02
  0.203438E+02  0.203750E+02  0.204062E+02  0.204375E+02  0.205000E+02
  0.205312E+02  0.205625E+02  0.206250E+02  0.206562E+02  0.206875E+02
  0.207500E+02  0.207812E+02  0.208125E+02  0.208750E+02  0.209062E+02
  0.209375E+02  0.210000E+02  0.210312E+02  0.210625E+02  0.211250E+02
  0.211562E+02  0.211875E+02  0.212500E+02  0.212812E+02  0.213125E+02
  0.213750E+02  0.214062E+02  0.214688E+02  0.215000E+02  0.215312E+02
  0.215938E+02  0.216250E+02  0.216562E+02  0.217188E+02  0.217500E+02
  0.218125E+02  0.218438E+02  0.218750E+02  0.219375E+02  0.219688E+02
  0.220312E+02  0.220625E+02  0.220938E+02  0.221562E+02  0.221875E+02
  0.222500E+02  0.222812E+02  0.223438E+02  0.223750E+02  0.224062E+02
  0.224688E+02  0.225000E+02  0.225625E+02  0.225938E+02  0.226562E+02
  0.226875E+02  0.227500E+02  0.227812E+02  0.228125E+02  0.228750E+02
  0.229062E+02  0.229688E+02  0.230000E+02  0.230625E+02  0.230938E+02
  0.231562E+02  0.231875E+02  0.232500E+02  0.232812E+02  0.233438E+02
  0.233750E+02  0.234375E+02  0.234688E+02  0.235312E+02  0.235625E+02
  0.236250E+02  0.236562E+02  0.237188E+02  0.237500E+02  0.238125E+02
  0.238438E+02  0.239062E+02  0.239375E+02  0.240000E+02  0.240312E+02
  0.240938E+02  0.241250E+02  0.241875E+02  0.242500E+02  0.242812E+02
  0.243438E+02  0.243750E+02  0.244375E+02  0.244688E+02  0.245312E+02
  0.245625E+02  0.246250E+02  0.246875E+02  0.247188E+02  0.247812E+02
  0.248125E+02  0.248750E+02  0.249375E+02  0.249688E+02  0.250312E+02
  0.250625E+02  0.251250E+02  0.251875E+02  0.252188E+02  0.252812E+02
  0.253125E+02  0.253750E+02  0.254375E+02  0.254688E+02  0.255312E+02
  0.255938E+02  0.256250E+02  0.256875E+02  0.257188E+02  0.257812E+02
  0.258438E+02  0.258750E+02  0.259375E+02  0.260000E+02  0.260312E+02
  0.260938E+02  0.261562E+02  0.261875E+02  0.262500E+02  0.263125E+02
  0.263438E+02  0.264062E+02  0.264688E+02  0.265312E+02  0.265625E+02
  0.266250E+02  0.266875E+02  0.267188E+02  0.267812E+02  0.268438E+02
  0.268750E+02  0.269375E+02  0.270000E+02  0.270625E+02  0.270938E+02
  0.271562E+02  0.272188E+02  0.272812E+02  0.273125E+02  0.273750E+02
  0.274375E+02  0.275000E+02  0.275312E+02  0.275938E+02  0.276562E+02
  0.277188E+02  0.277500E+02  0.278125E+02  0.278750E+02  0.279375E+02
  0.280000E+02  0.280312E+02  0.280938E+02  0.281562E+02  0.282188E+02
  0.282812E+02  0.283125E+02  0.283750E+02  0.284375E+02  0.285000E+02
  0.285625E+02  0.285938E+02  0.286562E+02  0.287188E+02  0.287812E+02
  0.288438E+02  0.289062E+02  0.289375E+02  0.290000E+02  0.290625E+02
  0.291250E+02  0.291875E+02  0.292500E+02  0.293125E+02  0.293750E+02
  0.294062E+02  0.294688E+02  0.295312E+02  0.295938E+02  0.296562E+02
  0.297188E+02  0.297812E+02  0.298438E+02  0.299062E+02  0.299688E+02
  0.300000E+02  0.300625E+02  0.301250E+02  0.301875E+02  0.302500E+02
  0.303125E+02  0.303750E+02  0.304375E+02  0.305000E+02  0.305625E+02
  0.306250E+02  0.306875E+02  0.307500E+02  0.308125E+02  0.308750E+02
  0.309375E+02  0.310000E+02  0.310625E+02  0.311250E+02  0.311875E+02
  0.312500E+02  0.313125E+02  0.313750E+02  0.314375E+02  0.315000E+02
  0.315625E+02  0.316250E+02  0.316875E+02  0.317500E+02  0.318125E+02
  0.318750E+02  0.319375E+02  0.320000E+02  0.320625E+02  0.321250E+02
  0.321875E+02  0.322500E+02  0.323125E+02  0.323750E+02  0.324375E+02
  0.325000E+02  0.325625E+02  0.326562E+02  0.327188E+02  0.327812E+02
  0.328438E+02  0.329062E+02  0.329688E+02  0.330312E+02  0.330938E+02
  0.331562E+02  0.332188E+02  0.333125E+02  0.333750E+02  0.334375E+02
  0.335000E+02  0.335625E+02  0.336250E+02  0.336875E+02  0.337812E+02
  0.338438E+02  0.339062E+02  0.339688E+02  0.340312E+02  0.340938E+02
  0.341875E+02  0.342500E+02  0.343125E+02  0.343750E+02  0.344375E+02
  0.345312E+02  0.345938E+02  0.346562E+02  0.347188E+02  0.347812E+02
  0.348750E+02  0.349375E+02  0.350000E+02  0.350625E+02  0.351562E+02
  0.352188E+02  0.352812E+02  0.353438E+02  0.354375E+02  0.355000E+02
  0.355625E+02  0.356250E+02  0.357188E+02  0.357812E+02  0.358438E+02
  0.359375E+02  0.360000E+02  0.360625E+02  0.361562E+02  0.362188E+02
  0.362812E+02  0.363750E+02  0.364375E+02  0.365000E+02  0.365625E+02
  0.366562E+02  0.367188E+02  0.368125E+02  0.368750E+02  0.369375E+02
  0.370312E+02  0.370938E+02  0.371562E+02  0.372500E+02  0.373125E+02
  0.374062E+02  0.374688E+02  0.375312E+02  0.376250E+02  0.376875E+02
  0.377812E+02  0.378438E+02  0.379062E+02  0.380000E+02  0.380625E+02
  0.381562E+02  0.382188E+02  0.383125E+02  0.383750E+02  0.384375E+02
  0.385312E+02  0.385938E+02  0.386875E+02  0.387500E+02  0.388438E+02
  0.389062E+02  0.390000E+02  0.390625E+02  0.391562E+02  0.392188E+02
  0.393125E+02  0.393750E+02  0.394688E+02  0.395312E+02  0.396250E+02
  0.396875E+02  0.397812E+02  0.398750E+02  0.399375E+02  0.400312E+02
  0.400938E+02  0.401875E+02  0.402500E+02  0.403438E+02  0.404062E+02
  0.405000E+02  0.405938E+02  0.406562E+02  0.407500E+02  0.408125E+02
  0.409062E+02  0.410000E+02  0.410625E+02  0.411562E+02  0.412500E+02
  0.413125E+02  0.414062E+02  0.415000E+02  0.415625E+02  0.416562E+02
  0.417188E+02  0.418125E+02  0.419062E+02  0.420000E+02  0.420625E+02
  0.421562E+02  0.422500E+02  0.423125E+02  0.424062E+02  0.425000E+02
  0.425625E+02  0.426562E+02  0.427500E+02  0.428438E+02  0.429062E+02
  0.430000E+02  0.430938E+02  0.431875E+02  0.432500E+02  0.433438E+02
  0.434375E+02  0.435312E+02  0.436250E+02  0.436875E+02  0.437812E+02
  0.438750E+02  0.439688E+02  0.440625E+02  0.441250E+02  0.442188E+02
  0.443125E+02  0.444062E+02  0.445000E+02  0.445938E+02  0.446562E+02
  0.447500E+02  0.448438E+02  0.449375E+02  0.450312E+02  0.451250E+02
  0.452188E+02  0.453125E+02  0.453750E+02  0.454688E+02  0.455625E+02
  0.456562E+02  0.457500E+02  0.458438E+02  0.459375E+02  0.460312E+02
  0.461250E+02  0.462188E+02  0.463125E+02  0.464062E+02  0.465000E+02
  0.465938E+02  0.466875E+02  0.467812E+02  0.468750E+02  0.469688E+02
  0.470625E+02  0.471562E+02  0.472500E+02  0.473438E+02  0.474375E+02
  0.475312E+02  0.476250E+02  0.477188E+02  0.478125E+02  0.479062E+02
  0.480000E+02  0.480938E+02  0.481875E+02  0.482812E+02  0.483750E+02
  0.484688E+02  0.485938E+02  0.486875E+02  0.487812E+02  0.488750E+02
  0.489688E+02  0.490625E+02  0.491562E+02  0.492500E+02  0.493750E+02
  0.494688E+02  0.495625E+02  0.496562E+02  0.497500E+02  0.498438E+02
  0.499688E+02  0.500625E+02  0.501562E+02  0.502500E+02  0.503438E+02
  0.504688E+02  0.505625E+02  0.506562E+02  0.507500E+02  0.508750E+02
  0.509688E+02  0.510625E+02  0.511562E+02  0.512812E+02  0.513750E+02
  0.514688E+02  0.515938E+02  0.516875E+02  0.517812E+02  0.518750E+02
  0.520000E+02  0.520938E+02  0.521875E+02  0.523125E+02  0.524062E+02
  0.525000E+02  0.526250E+02  0.527188E+02  0.528438E+02  0.529375E+02
  0.530312E+02  0.531562E+02  0.532500E+02  0.533750E+02  0.534688E+02
  0.535625E+02  0.536875E+02  0.537812E+02  0.539062E+02  0.540000E+02
  0.541250E+02  0.542188E+02  0.543438E+02  0.544375E+02  0.545625E+02
  0.546562E+02  0.547500E+02  0.548750E+02  0.550000E+02  0.550938E+02
  0.552188E+02  0.553125E+02  0.554375E+02  0.555312E+02  0.556562E+02
  0.557500E+02  0.558750E+02  0.559688E+02  0.560938E+02  0.562188E+02
  0.563125E+02  0.564375E+02  0.565312E+02  0.566562E+02  0.567812E+02
  0.568750E+02  0.570000E+02  0.571250E+02  0.572188E+02  0.573438E+02
  0.574688E+02  0.575625E+02  0.576875E+02  0.578125E+02  0.579062E+02
  0.580312E+02  0.581562E+02  0.582500E+02  0.583750E+02  0.585000E+02
  0.586250E+02  0.587188E+02  0.588438E+02  0.589688E+02  0.590938E+02
  0.592188E+02  0.593125E+02  0.594375E+02  0.595625E+02  0.596875E+02
  0.598125E+02  0.599062E+02  0.600312E+02  0.601562E+02  0.602812E+02
  0.604062E+02  0.605312E+02  0.606250E+02  0.607500E+02  0.608750E+02
  0.610000E+02  0.611250E+02  0.612500E+02  0.613750E+02  0.615000E+02
  0.616250E+02  0.617500E+02  0.618750E+02  0.620000E+02  0.621250E+02
  0.622500E+02  0.623750E+02  0.625000E+02  0.626250E+02  0.627500E+02
  0.628750E+02  0.630000E+02  0.631250E+02  0.632500E+02  0.633750E+02
  0.635000E+02  0.636250E+02  0.637500E+02  0.638750E+02  0.640000E+02
  0.641250E+02  0.642500E+02  0.643750E+02  0.645000E+02  0.646562E+02
  0.647812E+02  0.649062E+02  0.650312E+02  0.651562E+02  0.652812E+02
  0.654375E+02  0.655625E+02  0.656875E+02  0.658125E+02  0.659375E+02
  0.660938E+02  0.662188E+02  0.663438E+02  0.664688E+02  0.666250E+02
  0.667500E+02  0.668750E+02  0.670000E+02  0.671562E+02  0.672812E+02
  0.674062E+02  0.675625E+02  0.676875E+02  0.678125E+02  0.679688E+02
  0.680938E+02  0.682188E+02  0.683750E+02  0.685000E+02  0.686250E+02
  0.687812E+02  0.689062E+02  0.690625E+02  0.691875E+02  0.693125E+02
  0.694688E+02  0.695938E+02  0.697500E+02  0.698750E+02  0.700312E+02
  0.701562E+02  0.703125E+02  0.704375E+02  0.705938E+02  0.707188E+02
  0.708750E+02  0.710000E+02  0.711562E+02  0.712812E+02  0.714375E+02
  0.715938E+02  0.717188E+02  0.718750E+02  0.720000E+02  0.721562E+02
  0.723125E+02  0.724375E+02  0.725938E+02  0.727188E+02  0.728750E+02
  0.730312E+02  0.731562E+02  0.733125E+02  0.734688E+02  0.735938E+02
  0.737500E+02  0.739062E+02  0.740625E+02  0.741875E+02  0.743438E+02
  0.745000E+02  0.746562E+02  0.747812E+02  0.749375E+02  0.750938E+02
  0.752500E+02  0.754062E+02  0.755312E+02  0.756875E+02  0.758438E+02
  0.760000E+02  0.761562E+02  0.763125E+02  0.764688E+02  0.766250E+02
  0.767500E+02  0.769062E+02  0.770625E+02  0.772188E+02  0.773750E+02
  0.775312E+02  0.776875E+02  0.778438E+02  0.780000E+02  0.781562E+02
  0.783125E+02  0.784688E+02  0.786250E+02  0.787812E+02  0.789375E+02
  0.790938E+02  0.792500E+02  0.794062E+02  0.795625E+02  0.797188E+02
  0.799062E+02  0.800625E+02  0.802188E+02  0.803750E+02  0.805312E+02
  0.806875E+02  0.808438E+02  0.810312E+02  0.811875E+02  0.813438E+02
  0.815000E+02  0.816562E+02  0.818438E+02  0.820000E+02  0.821562E+02
  0.823125E+02  0.825000E+02  0.826562E+02  0.828125E+02  0.829688E+02
  0.831562E+02  0.833125E+02  0.834688E+02  0.836562E+02  0.838125E+02
  0.840000E+02  0.841562E+02  0.843125E+02  0.845000E+02  0.846562E+02
  0.848125E+02  0.850000E+02  0.851562E+02  0.853438E+02  0.855000E+02
  0.856875E+02  0.858438E+02  0.860312E+02  0.861875E+02  0.863750E+02
  0.865312E+02  0.867188E+02  0.868750E+02  0.870625E+02  0.872188E+02
  0.874062E+02  0.875938E+02  0.877500E+02  0.879375E+02  0.881250E+02
  0.882812E+02  0.884688E+02  0.886250E+02  0.888125E+02  0.890000E+02
  0.891875E+02  0.893438E+02  0.895312E+02  0.897188E+02  0.898750E+02
  0.900625E+02  0.902500E+02  0.904375E+02  0.906250E+02  0.907812E+02
  0.909688E+02  0.911562E+02  0.913438E+02  0.915312E+02  0.916875E+02
  0.918750E+02  0.920625E+02  0.922500E+02  0.924375E+02  0.926250E+02
  0.928125E+02  0.930000E+02  0.931875E+02  0.933750E+02  0.935625E+02
  0.937500E+02  0.939375E+02  0.941250E+02  0.943125E+02  0.945000E+02
  0.946875E+02  0.948750E+02  0.950625E+02  0.952500E+02  0.954375E+02
  0.956250E+02  0.958125E+02  0.960000E+02  0.962188E+02  0.964062E+02
  0.965938E+02  0.967812E+02  0.969688E+02  0.971875E+02  0.973750E+02
  0.975625E+02  0.977500E+02  0.979375E+02  0.981562E+02  0.983438E+02
  0.985312E+02  0.987500E+02  0.989375E+02  0.991250E+02  0.993438E+02
  0.995312E+02  0.997188E+02  0.999375E+02  0.100125E+03  0.100344E+03
  0.100531E+03  0.100719E+03  0.100938E+03  0.101125E+03  0.101344E+03
  0.101531E+03  0.101750E+03  0.101938E+03  0.102156E+03  0.102344E+03
  0.102562E+03  0.102750E+03  0.102969E+03  0.103188E+03  0.103375E+03
  0.103594E+03  0.103781E+03  0.104000E+03  0.104219E+03  0.104406E+03
  0.104625E+03  0.104844E+03  0.105062E+03  0.105250E+03  0.105469E+03
  0.105688E+03  0.105875E+03  0.106094E+03  0.106312E+03  0.106531E+03
  0.106750E+03  0.106969E+03  0.107156E+03  0.107375E+03  0.107594E+03
  0.107812E+03  0.108031E+03  0.108250E+03  0.108469E+03  0.108688E+03
  0.108906E+03  0.109125E+03  0.109344E+03  0.109562E+03  0.109781E+03
  0.110000E+03  0.110219E+03  0.110438E+03  0.110656E+03  0.110875E+03
  0.111094E+03  0.111312E+03  0.111531E+03  0.111750E+03  0.111969E+03
  0.112219E+03  0.112438E+03  0.112656E+03  0.112875E+03  0.113094E+03
  0.113344E+03  0.113562E+03  0.113781E+03  0.114000E+03  0.114250E+03
  0.114469E+03  0.114688E+03  0.114938E+03  0.115156E+03  0.115375E+03
  0.115625E+03  0.115844E+03  0.116094E+03  0.116312E+03  0.116562E+03
  0.116781E+03  0.117000E+03  0.117250E+03  0.117469E+03  0.117719E+03
  0.117969E+03  0.118188E+03  0.118438E+03  0.118656E+03  0.118906E+03
  0.119125E+03  0.119375E+03  0.119625E+03  0.119844E+03  0.120094E+03
  0.120344E+03  0.120562E+03  0.120812E+03  0.121062E+03  0.121312E+03
  0.121531E+03  0.121781E+03  0.122031E+03  0.122281E+03  0.122531E+03
  0.122750E+03  0.123000E+03  0.123250E+03  0.123500E+03  0.123750E+03
  0.124000E+03  0.124250E+03  0.124500E+03  0.124750E+03  0.125000E+03
  0.125250E+03  0.125500E+03  0.125750E+03  0.126000E+03  0.126250E+03
  0.126500E+03  0.126750E+03  0.127000E+03  0.127250E+03  0.127500E+03
  0.127781E+03  0.128031E+03  0.128281E+03  0.128531E+03  0.128781E+03
  0.129062E+03  0.129312E+03  0.129562E+03  0.129812E+03  0.130094E+03
  0.130344E+03  0.130594E+03  0.130875E+03  0.131125E+03  0.131406E+03
  0.131656E+03  0.131906E+03  0.132188E+03  0.132438E+03  0.132719E+03
  0.132969E+03  0.133250E+03  0.133500E+03  0.133781E+03  0.134031E+03
  0.134312E+03  0.134594E+03  0.134844E+03  0.135125E+03  0.135375E+03
  0.135656E+03  0.135938E+03  0.136219E+03  0.136469E+03  0.136750E+03
  0.137031E+03  0.137312E+03  0.137562E+03  0.137844E+03  0.138125E+03
  0.138406E+03  0.138688E+03  0.138938E+03  0.139219E+03  0.139500E+03
  0.139781E+03  0.140062E+03  0.140344E+03  0.140625E+03  0.140906E+03
  0.141188E+03  0.141469E+03  0.141750E+03  0.142031E+03  0.142312E+03
  0.142594E+03  0.142906E+03  0.143188E+03  0.143469E+03  0.143750E+03
  0.144031E+03  0.144344E+03  0.144625E+03  0.144906E+03  0.145188E+03
  0.145500E+03  0.145781E+03  0.146062E+03  0.146375E+03  0.146656E+03
  0.146938E+03  0.147250E+03  0.147531E+03  0.147844E+03  0.148125E+03
  0.148438E+03  0.148719E+03  0.149031E+03  0.149312E+03  0.149625E+03
  0.149906E+03  0.150219E+03  0.150500E+03  0.150812E+03  0.151125E+03
  0.151406E+03  0.151719E+03  0.152031E+03  0.152344E+03  0.152625E+03
  0.152938E+03  0.153250E+03  0.153562E+03  0.153844E+03  0.154156E+03
  0.154469E+03  0.154781E+03  0.155094E+03  0.155406E+03  0.155719E+03
  0.156031E+03  0.156344E+03  0.156656E+03  0.156969E+03  0.157281E+03
  0.157594E+03  0.157906E+03  0.158219E+03  0.158531E+03  0.158844E+03
  0.159188E+03  0.159500E+03  0.159812E+03  0.160125E+03  0.160438E+03
  0.160781E+03  0.161094E+03  0.161406E+03  0.161750E+03  0.162062E+03
  0.162375E+03  0.162719E+03  0.163031E+03  0.163375E+03  0.163688E+03
  0.164031E+03  0.164344E+03  0.164688E+03  0.165000E+03  0.165344E+03
  0.165656E+03  0.166000E+03  0.166312E+03  0.166656E+03  0.167000E+03
  0.167312E+03  0.167656E+03  0.168000E+03  0.168344E+03  0.168656E+03
  0.169000E+03  0.169344E+03  0.169688E+03  0.170031E+03  0.170375E+03
  0.170719E+03  0.171031E+03  0.171375E+03  0.171719E+03  0.172062E+03
  0.172406E+03  0.172750E+03  0.173094E+03  0.173469E+03  0.173812E+03
  0.174156E+03  0.174500E+03  0.174844E+03  0.175188E+03  0.175531E+03
  0.175906E+03  0.176250E+03  0.176594E+03  0.176969E+03  0.177312E+03
  0.177656E+03  0.178031E+03  0.178375E+03  0.178719E+03  0.179094E+03
  0.179438E+03  0.179812E+03  0.180156E+03  0.180531E+03  0.180875E+03
  0.181250E+03  0.181625E+03  0.181969E+03  0.182344E+03  0.182688E+03
  0.183062E+03  0.183438E+03  0.183812E+03  0.184156E+03  0.184531E+03
  0.184906E+03  0.185281E+03  0.185656E+03  0.186031E+03  0.186375E+03
  0.186750E+03  0.187125E+03  0.187500E+03  0.187875E+03  0.188250E+03
  0.188625E+03  0.189000E+03  0.189406E+03  0.114219E+03
