  Group flight paths:- 
  0.276161E+01  0.237024E+01  0.176775E+01  0.143252E+01  0.121734E+01
  0.137938E+01  0.163518E+01  0.120496E+01
  Group scattering angles:- 
  0.223641E+01  0.928032E+01  0.172678E+02  0.342857E+02  0.615952E+02
  0.916100E+02  0.147218E+03  0.161272E+03
  Group azimuthal angles:- 
  0.286364E+02  0.872201E+02  0.101709E+03  0.935466E+02  0.877739E+02
  0.772689E+02  0.876056E+02  0.938061E+02
  Group number of each spectrum:-
     1  0      2  0      3  0      4  0      5  0
     6  0      7  0      8  0      9  0     10  0
    11  0     12  0     13  0     14  0     15  0
    16  0     17  0     18  0     19  0     20  0
    21  0     22  1     23  1     24  0     25  1
    26  1     27  1     28  0     29  1     30  1
    31  1     32  1     33  0     34  1     35  1
    36  1     37  1     38  1     39  0     40  1
    41  1     42  1     43  1     44  1     45  1
    46  1     47  1     48  1     49  1     50  1
    51  1     52  1     53  1     54  1     55  1
    56  1     57  1     58  1     59  1     60  1
    61  1     62  1     63  1     64  1     65  1
    66  1     67  1     68  1     69  1     70  1
    71  1     72  1     73  1     74  1     75  1
    76  1     77  1     78  1     79  1     80  1
    81  0     82  1     83  1     84  1     85  1
    86  1     87  0     88  0     89  0     90  0
    91  0     92  1     93  1     94  1     95  1
    96  1     97  1     98  1     99  1    100  1
   101  2    102  2    103  2    104  2    105  2
   106  2    107  2    108  2    109  0    110  2
   111  2    112  2    113  2    114  2    115  2
   116  2    117  0    118  2    119  2    120  2
   121  2    122  2    123  2    124  0    125  2
   126  2    127  2    128  2    129  2    130  0
   131  2    132  2    133  2    134  2    135  0
   136  2    137  2    138  2    139  0    140  2
   141  2    142  0    143  2    144  0    145  0
   146  2    147  2    148  2    149  2    150  2
   151  2    152  2    153  2    154  2    155  2
   156  2    157  2    158  2    159  2    160  2
   161  2    162  2    163  2    164  2    165  2
   166  2    167  2    168  2    169  2    170  2
   171  2    172  2    173  2    174  2    175  2
   176  2    177  2    178  2    179  2    180  2
   181  2    182  2    183  2    184  2    185  2
   186  2    187  2    188  2    189  2    190  2
   191  2    192  2    193  2    194  2    195  2
   196  2    197  2    198  2    199  2    200  2
   201  2    202  2    203  2    204  2    205  2
   206  2    207  2    208  2    209  2    210  2
   211  2    212  2    213  2    214  2    215  0
   216  0    217  2    218  2    219  2    220  2
   221  2    222  2    223  2    224  2    225  0
   226  0    227  2    228  2    229  2    230  2
   231  2    232  2    233  2    234  0    235  0
   236  2    237  2    238  2    239  2    240  2
   241  2    242  0    243  0    244  2    245  2
   246  2    247  2    248  2    249  0    250  0
   251  2    252  2    253  2    254  2    255  0
   256  0    257  2    258  2    259  2    260  0
   261  0    262  2    263  2    264  0    265  0
   266  2    267  2    268  2    269  2    270  2
   271  2    272  2    273  0    274  2    275  2
   276  2    277  2    278  2    279  2    280  2
   281  0    282  2    283  2    284  2    285  2
   286  2    287  2    288  0    289  2    290  2
   291  2    292  2    293  2    294  0    295  2
   296  2    297  2    298  2    299  0    300  2
   301  2    302  2    303  0    304  2    305  2
   306  0    307  2    308  0    309  2    310  0
   311  2    312  2    313  2    314  2    315  2
   316  2    317  2    318  2    319  2    320  2
   321  2    322  2    323  2    324  2    325  2
   326  2    327  2    328  2    329  2    330  2
   331  2    332  2    333  2    334  2    335  2
   336  2    337  2    338  2    339  2    340  2
   341  2    342  2    343  2    344  2    345  2
   346  2    347  2    348  2    349  2    350  2
   351  2    352  2    353  2    354  2    355  2
   356  2    357  2    358  2    359  2    360  2
   361  2    362  2    363  2    364  2    365  2
   366  2    367  2    368  2    369  2    370  2
   371  2    372  2    373  2    374  2    375  2
   376  2    377  2    378  2    379  2    380  0
   381  0    382  2    383  2    384  2    385  2
   386  2    387  2    388  2    389  2    390  0
   391  0    392  2    393  2    394  2    395  2
   396  2    397  2    398  2    399  0    400  0
   401  2    402  2    403  2    404  2    405  2
   406  2    407  0    408  0    409  2    410  2
   411  2    412  2    413  2    414  0    415  0
   416  2    417  2    418  2    419  2    420  0
   421  0    422  2    423  2    424  2    425  0
   426  0    427  2    428  2    429  0    430  0
   431  3    432  0    433  0    434  3    435  3
   436  0    437  0    438  0    439  0    440  0
   441  3    442  3    443  3    444  0    445  3
   446  3    447  3    448  3    449  0    450  3
   451  3    452  0    453  3    454  3    455  3
   456  0    457  0    458  0    459  0    460  0
   461  0    462  0    463  0    464  0    465  0
   466  0    467  3    468  3    469  3    470  0
   471  3    472  3    473  0    474  3    475  3
   476  3    477  3    478  3    479  0    480  3
   481  3    482  0    483  3    484  3    485  3
   486  3    487  0    488  3    489  3    490  0
   491  3    492  3    493  3    494  0    495  0
   496  3    497  0    498  3    499  0    500  3
   501  0    502  0    503  0    504  0    505  0
   506  0    507  3    508  0    509  3    510  3
   511  3    512  3    513  3    514  3    515  3
   516  3    517  3    518  3    519  3    520  3
   521  3    522  3    523  3    524  3    525  3
   526  3    527  3    528  3    529  3    530  3
   531  3    532  3    533  3    534  3    535  3
   536  3    537  3    538  3    539  3    540  3
   541  3    542  3    543  3    544  3    545  3
   546  3    547  3    548  3    549  3    550  3
   551  3    552  3    553  3    554  3    555  3
   556  3    557  3    558  3    559  3    560  3
   561  3    562  3    563  3    564  3    565  3
   566  3    567  3    568  3    569  3    570  3
   571  3    572  3    573  3    574  3    575  3
   576  3    577  3    578  3    579  3    580  3
   581  0    582  3    583  3    584  3    585  3
   586  3    587  3    588  3    589  3    590  3
   591  3    592  3    593  3    594  3    595  3
   596  3    597  3    598  3    599  3    600  3
   601  3    602  3    603  3    604  3    605  3
   606  3    607  3    608  3    609  3    610  3
   611  3    612  3    613  3    614  3    615  3
   616  3    617  3    618  3    619  3    620  3
   621  3    622  3    623  3    624  3    625  3
   626  3    627  3    628  3    629  3    630  3
   631  3    632  3    633  3    634  3    635  3
   636  3    637  3    638  3    639  3    640  3
   641  3    642  3    643  3    644  3    645  3
   646  3    647  3    648  3    649  3    650  3
   651  3    652  3    653  3    654  3    655  3
   656  3    657  3    658  3    659  3    660  3
   661  3    662  3    663  3    664  3    665  3
   666  3    667  3    668  3    669  3    670  3
   671  3    672  3    673  3    674  3    675  3
   676  3    677  0    678  3    679  3    680  3
   681  3    682  3    683  3    684  3    685  3
   686  3    687  3    688  3    689  0    690  3
   691  3    692  3    693  3    694  3    695  3
   696  3    697  3    698  3    699  3    700  0
   701  3    702  3    703  3    704  3    705  3
   706  3    707  3    708  3    709  3    710  0
   711  3    712  3    713  3    714  3    715  3
   716  3    717  3    718  3    719  0    720  3
   721  3    722  3    723  3    724  3    725  3
   726  3    727  0    728  3    729  3    730  3
   731  3    732  3    733  3    734  0    735  3
   736  3    737  3    738  3    739  3    740  3
   741  0    742  0    743  0    744  0    745  0
   746  0    747  3    748  3    749  3    750  3
   751  4    752  4    753  4    754  4    755  4
   756  0    757  4    758  4    759  4    760  4
   761  4    762  4    763  4    764  4    765  4
   766  4    767  4    768  0    769  4    770  4
   771  4    772  4    773  4    774  4    775  4
   776  4    777  4    778  4    779  0    780  4
   781  4    782  4    783  4    784  4    785  4
   786  4    787  4    788  4    789  0    790  4
   791  4    792  4    793  4    794  4    795  4
   796  4    797  4    798  0    799  4    800  4
   801  4    802  4    803  4    804  4    805  4
   806  0    807  4    808  4    809  4    810  4
   811  4    812  4    813  4    814  0    815  0
   816  0    817  0    818  0    819  0    820  0
   821  4    822  4    823  4    824  4    825  4
   826  4    827  4    828  4    829  4    830  4
   831  4    832  4    833  4    834  4    835  4
   836  4    837  4    838  4    839  4    840  4
   841  4    842  4    843  4    844  4    845  4
   846  4    847  4    848  4    849  4    850  4
   851  4    852  4    853  4    854  4    855  4
   856  4    857  4    858  4    859  4    860  4
   861  4    862  4    863  4    864  4    865  4
   866  4    867  4    868  4    869  4    870  4
   871  4    872  4    873  4    874  4    875  4
   876  4    877  4    878  4    879  4    880  4
   881  4    882  4    883  4    884  4    885  4
   886  4    887  4    888  4    889  4    890  4
   891  4    892  4    893  4    894  4    895  4
   896  4    897  4    898  4    899  4    900  4
   901  4    902  4    903  4    904  4    905  4
   906  4    907  4    908  4    909  4    910  4
   911  4    912  4    913  4    914  4    915  4
   916  4    917  4    918  4    919  4    920  4
   921  4    922  4    923  4    924  4    925  4
   926  4    927  4    928  4    929  4    930  4
   931  4    932  4    933  4    934  4    935  4
   936  4    937  4    938  4    939  4    940  4
   941  4    942  4    943  4    944  4    945  4
   946  4    947  4    948  4    949  4    950  4
   951  4    952  4    953  4    954  4    955  4
   956  4    957  4    958  4    959  4    960  4
   961  4    962  4    963  4    964  4    965  4
   966  4    967  4    968  4    969  4    970  4
   971  4    972  4    973  4    974  4    975  4
   976  4    977  4    978  4    979  4    980  4
   981  4    982  4    983  4    984  4    985  4
   986  4    987  4    988  4    989  4    990  4
   991  4    992  4    993  4    994  4    995  4
   996  4    997  4    998  4    999  4   1000  4
  1001  4   1002  4   1003  4   1004  4   1005  4
  1006  4   1007  4   1008  4   1009  4   1010  4
  1011  4   1012  4   1013  4   1014  4   1015  4
  1016  4   1017  4   1018  4   1019  4   1020  4
  1021  4   1022  4   1023  4   1024  4   1025  4
  1026  4   1027  4   1028  4   1029  4   1030  4
  1031  4   1032  4   1033  4   1034  4   1035  4
  1036  4   1037  4   1038  4   1039  4   1040  4
  1041  4   1042  4   1043  4   1044  4   1045  4
  1046  4   1047  4   1048  4   1049  4   1050  4
  1051  4   1052  4   1053  4   1054  4   1055  4
  1056  4   1057  4   1058  4   1059  4   1060  4
  1061  4   1062  4   1063  4   1064  4   1065  4
  1066  4   1067  4   1068  4   1069  4   1070  4
  1071  4   1072  4   1073  4   1074  4   1075  4
  1076  4   1077  4   1078  4   1079  4   1080  4
  1081  4   1082  4   1083  4   1084  4   1085  4
  1086  4   1087  4   1088  4   1089  4   1090  4
  1091  4   1092  4   1093  4   1094  4   1095  4
  1096  4   1097  4   1098  4   1099  4   1100  4
  1101  4   1102  4   1103  4   1104  4   1105  4
  1106  4   1107  4   1108  4   1109  4   1110  4
  1111  4   1112  4   1113  4   1114  4   1115  4
  1116  4   1117  4   1118  4   1119  4   1120  4
  1121  4   1122  4   1123  4   1124  4   1125  4
  1126  4   1127  4   1128  4   1129  4   1130  4
  1131  4   1132  4   1133  4   1134  4   1135  4
  1136  4   1137  4   1138  4   1139  4   1140  4
  1141  4   1142  4   1143  4   1144  4   1145  4
  1146  4   1147  4   1148  4   1149  4   1150  4
  1151  4   1152  4   1153  4   1154  4   1155  4
  1156  4   1157  4   1158  4   1159  4   1160  4
  1161  4   1162  4   1163  4   1164  4   1165  4
  1166  4   1167  4   1168  4   1169  4   1170  4
  1171  4   1172  4   1173  4   1174  4   1175  4
  1176  4   1177  4   1178  4   1179  4   1180  4
  1181  4   1182  4   1183  4   1184  4   1185  4
  1186  4   1187  4   1188  4   1189  4   1190  4
  1191  4   1192  4   1193  4   1194  4   1195  4
  1196  4   1197  4   1198  4   1199  4   1200  4
  1201  4   1202  4   1203  4   1204  4   1205  4
  1206  4   1207  4   1208  4   1209  4   1210  4
  1211  4   1212  4   1213  4   1214  4   1215  4
  1216  4   1217  4   1218  4   1219  4   1220  4
  1221  4   1222  4   1223  4   1224  4   1225  4
  1226  4   1227  4   1228  4   1229  4   1230  4
  1231  4   1232  4   1233  4   1234  4   1235  4
  1236  4   1237  4   1238  4   1239  4   1240  4
  1241  4   1242  4   1243  4   1244  4   1245  4
  1246  4   1247  4   1248  4   1249  4   1250  4
  1251  4   1252  4   1253  4   1254  4   1255  4
  1256  4   1257  4   1258  4   1259  4   1260  4
  1261  4   1262  4   1263  4   1264  4   1265  4
  1266  4   1267  4   1268  4   1269  4   1270  4
  1271  4   1272  4   1273  4   1274  4   1275  4
  1276  4   1277  4   1278  4   1279  4   1280  4
  1281  4   1282  4   1283  4   1284  4   1285  4
  1286  4   1287  4   1288  4   1289  4   1290  4
  1291  4   1292  4   1293  4   1294  4   1295  4
  1296  4   1297  4   1298  4   1299  4   1300  4
  1301  4   1302  4   1303  4   1304  4   1305  4
  1306  4   1307  4   1308  4   1309  4   1310  4
  1311  4   1312  4   1313  4   1314  4   1315  4
  1316  4   1317  4   1318  4   1319  4   1320  4
  1321  4   1322  4   1323  4   1324  4   1325  4
  1326  4   1327  4   1328  4   1329  4   1330  4
  1331  4   1332  4   1333  4   1334  4   1335  4
  1336  4   1337  4   1338  4   1339  4   1340  4
  1341  4   1342  4   1343  4   1344  4   1345  4
  1346  4   1347  4   1348  4   1349  4   1350  4
  1351  4   1352  4   1353  4   1354  4   1355  4
  1356  4   1357  4   1358  4   1359  4   1360  4
  1361  4   1362  4   1363  4   1364  4   1365  4
  1366  4   1367  4   1368  4   1369  4   1370  4
  1371  4   1372  4   1373  4   1374  4   1375  4
  1376  4   1377  4   1378  4   1379  4   1380  4
  1381  4   1382  4   1383  4   1384  4   1385  4
  1386  4   1387  4   1388  4   1389  4   1390  4
  1391  4   1392  4   1393  4   1394  4   1395  4
  1396  4   1397  4   1398  4   1399  4   1400  4
  1401  4   1402  4   1403  4   1404  4   1405  4
  1406  4   1407  4   1408  4   1409  4   1410  4
  1411  4   1412  4   1413  4   1414  4   1415  4
  1416  4   1417  4   1418  4   1419  4   1420  4
  1421  4   1422  4   1423  4   1424  4   1425  4
  1426  4   1427  4   1428  4   1429  4   1430  4
  1431  4   1432  4   1433  4   1434  4   1435  4
  1436  4   1437  4   1438  4   1439  4   1440  4
  1441  4   1442  4   1443  4   1444  4   1445  4
  1446  4   1447  4   1448  4   1449  4   1450  4
  1451  4   1452  4   1453  4   1454  4   1455  4
  1456  4   1457  4   1458  4   1459  4   1460  4
  1461  4   1462  4   1463  4   1464  4   1465  4
  1466  4   1467  4   1468  4   1469  4   1470  4
  1471  4   1472  4   1473  4   1474  4   1475  4
  1476  4   1477  4   1478  4   1479  4   1480  4
  1481  4   1482  4   1483  4   1484  4   1485  4
  1486  4   1487  4   1488  4   1489  4   1490  4
  1491  4   1492  4   1493  4   1494  4   1495  4
  1496  4   1497  4   1498  4   1499  4   1500  4
  1501  4   1502  4   1503  4   1504  4   1505  4
  1506  4   1507  4   1508  4   1509  4   1510  4
  1511  4   1512  4   1513  4   1514  4   1515  4
  1516  4   1517  4   1518  4   1519  4   1520  4
  1521  4   1522  4   1523  4   1524  4   1525  4
  1526  4   1527  4   1528  4   1529  4   1530  4
  1531  4   1532  4   1533  4   1534  4   1535  4
  1536  4   1537  4   1538  4   1539  4   1540  4
  1541  4   1542  4   1543  4   1544  4   1545  4
  1546  4   1547  4   1548  4   1549  4   1550  4
  1551  4   1552  4   1553  4   1554  4   1555  4
  1556  4   1557  4   1558  4   1559  4   1560  4
  1561  4   1562  4   1563  4   1564  4   1565  4
  1566  4   1567  4   1568  4   1569  4   1570  4
  1571  4   1572  4   1573  4   1574  4   1575  4
  1576  4   1577  4   1578  4   1579  4   1580  4
  1581  4   1582  4   1583  4   1584  4   1585  4
  1586  4   1587  4   1588  4   1589  4   1590  4
  1591  4   1592  4   1593  4   1594  4   1595  4
  1596  4   1597  4   1598  4   1599  4   1600  4
  1601  4   1602  4   1603  4   1604  4   1605  4
  1606  4   1607  4   1608  4   1609  4   1610  4
  1611  4   1612  4   1613  4   1614  4   1615  4
  1616  4   1617  4   1618  4   1619  4   1620  4
  1621  4   1622  4   1623  4   1624  4   1625  4
  1626  4   1627  4   1628  4   1629  4   1630  4
  1631  4   1632  4   1633  4   1634  4   1635  4
  1636  4   1637  4   1638  4   1639  4   1640  4
  1641  4   1642  4   1643  4   1644  4   1645  4
  1646  4   1647  4   1648  4   1649  4   1650  4
  1651  5   1652  5   1653  5   1654  5   1655  5
  1656  5   1657  5   1658  5   1659  5   1660  5
  1661  0   1662  5   1663  5   1664  5   1665  5
  1666  5   1667  5   1668  5   1669  5   1670  5
  1671  5   1672  5   1673  5   1674  0   1675  5
  1676  5   1677  5   1678  5   1679  5   1680  5
  1681  5   1682  5   1683  5   1684  5   1685  5
  1686  0   1687  5   1688  5   1689  5   1690  5
  1691  5   1692  5   1693  5   1694  5   1695  5
  1696  5   1697  0   1698  5   1699  5   1700  5
  1701  5   1702  5   1703  5   1704  5   1705  5
  1706  5   1707  0   1708  5   1709  5   1710  5
  1711  5   1712  5   1713  5   1714  5   1715  5
  1716  0   1717  5   1718  5   1719  5   1720  5
  1721  5   1722  5   1723  5   1724  0   1725  5
  1726  5   1727  5   1728  5   1729  5   1730  5
  1731  0   1732  5   1733  5   1734  5   1735  5
  1736  5   1737  0   1738  5   1739  5   1740  5
  1741  5   1742  0   1743  5   1744  5   1745  5
  1746  0   1747  5   1748  5   1749  5   1750  0
  1751  5   1752  5   1753  5   1754  5   1755  5
  1756  5   1757  5   1758  5   1759  5   1760  5
  1761  5   1762  5   1763  5   1764  5   1765  5
  1766  5   1767  5   1768  5   1769  5   1770  5
  1771  5   1772  5   1773  5   1774  5   1775  5
  1776  5   1777  5   1778  5   1779  5   1780  5
  1781  5   1782  5   1783  5   1784  5   1785  5
  1786  5   1787  5   1788  5   1789  5   1790  5
  1791  5   1792  5   1793  5   1794  5   1795  5
  1796  5   1797  5   1798  5   1799  5   1800  5
  1801  5   1802  5   1803  5   1804  5   1805  5
  1806  5   1807  5   1808  5   1809  5   1810  5
  1811  5   1812  5   1813  5   1814  5   1815  5
  1816  5   1817  5   1818  5   1819  5   1820  5
  1821  5   1822  5   1823  5   1824  5   1825  5
  1826  5   1827  5   1828  5   1829  5   1830  5
  1831  5   1832  5   1833  5   1834  5   1835  5
  1836  5   1837  5   1838  5   1839  5   1840  5
  1841  5   1842  5   1843  5   1844  5   1845  5
  1846  5   1847  5   1848  5   1849  5   1850  5
  1851  5   1852  5   1853  5   1854  5   1855  5
  1856  5   1857  5   1858  5   1859  5   1860  5
  1861  5   1862  5   1863  5   1864  5   1865  5
  1866  5   1867  5   1868  5   1869  5   1870  5
  1871  5   1872  5   1873  5   1874  5   1875  5
  1876  5   1877  5   1878  5   1879  5   1880  5
  1881  5   1882  5   1883  5   1884  5   1885  5
  1886  5   1887  5   1888  5   1889  5   1890  5
  1891  5   1892  5   1893  5   1894  5   1895  5
  1896  5   1897  5   1898  5   1899  5   1900  5
  1901  5   1902  5   1903  5   1904  5   1905  5
  1906  5   1907  5   1908  5   1909  5   1910  5
  1911  5   1912  5   1913  5   1914  5   1915  5
  1916  5   1917  5   1918  5   1919  5   1920  5
  1921  5   1922  5   1923  5   1924  5   1925  5
  1926  5   1927  5   1928  5   1929  5   1930  5
  1931  5   1932  5   1933  5   1934  5   1935  5
  1936  5   1937  5   1938  5   1939  5   1940  5
  1941  5   1942  5   1943  5   1944  5   1945  5
  1946  5   1947  5   1948  5   1949  5   1950  5
  1951  0   1952  0   1953  0   1954  5   1955  5
  1956  5   1957  5   1958  5   1959  5   1960  5
  1961  5   1962  5   1963  5   1964  5   1965  5
  1966  5   1967  5   1968  5   1969  5   1970  5
  1971  5   1972  5   1973  5   1974  5   1975  5
  1976  5   1977  5   1978  5   1979  5   1980  5
  1981  5   1982  5   1983  5   1984  5   1985  5
  1986  5   1987  5   1988  5   1989  5   1990  5
  1991  5   1992  5   1993  5   1994  5   1995  5
  1996  5   1997  5   1998  5   1999  5   2000  5
  2001  5   2002  5   2003  5   2004  5   2005  5
  2006  5   2007  5   2008  5   2009  5   2010  5
  2011  5   2012  5   2013  5   2014  5   2015  5
  2016  5   2017  5   2018  5   2019  5   2020  5
  2021  5   2022  5   2023  5   2024  5   2025  5
  2026  5   2027  5   2028  5   2029  5   2030  5
  2031  5   2032  5   2033  5   2034  5   2035  5
  2036  5   2037  5   2038  5   2039  5   2040  5
  2041  5   2042  5   2043  5   2044  5   2045  5
  2046  5   2047  5   2048  5   2049  5   2050  5
  2051  5   2052  5   2053  5   2054  5   2055  5
  2056  5   2057  5   2058  5   2059  5   2060  5
  2061  5   2062  5   2063  5   2064  5   2065  5
  2066  5   2067  5   2068  5   2069  5   2070  5
  2071  5   2072  5   2073  5   2074  5   2075  5
  2076  5   2077  5   2078  5   2079  5   2080  5
  2081  5   2082  5   2083  5   2084  5   2085  5
  2086  5   2087  5   2088  5   2089  5   2090  5
  2091  5   2092  5   2093  5   2094  5   2095  5
  2096  5   2097  5   2098  5   2099  5   2100  5
  2101  5   2102  5   2103  5   2104  5   2105  5
  2106  5   2107  5   2108  5   2109  5   2110  5
  2111  5   2112  5   2113  5   2114  5   2115  5
  2116  5   2117  5   2118  5   2119  5   2120  5
  2121  5   2122  5   2123  5   2124  5   2125  5
  2126  5   2127  5   2128  5   2129  5   2130  5
  2131  5   2132  5   2133  5   2134  5   2135  5
  2136  5   2137  5   2138  5   2139  5   2140  5
  2141  5   2142  5   2143  5   2144  5   2145  5
  2146  5   2147  5   2148  5   2149  5   2150  5
  2151  5   2152  5   2153  5   2154  5   2155  5
  2156  5   2157  5   2158  5   2159  5   2160  5
  2161  5   2162  5   2163  5   2164  5   2165  5
  2166  5   2167  5   2168  5   2169  5   2170  5
  2171  5   2172  5   2173  5   2174  5   2175  5
  2176  5   2177  5   2178  5   2179  5   2180  5
  2181  5   2182  5   2183  5   2184  5   2185  5
  2186  5   2187  5   2188  5   2189  5   2190  5
  2191  5   2192  5   2193  5   2194  5   2195  5
  2196  5   2197  5   2198  5   2199  5   2200  5
  2201  5   2202  5   2203  5   2204  5   2205  5
  2206  5   2207  5   2208  5   2209  5   2210  5
  2211  5   2212  5   2213  5   2214  5   2215  5
  2216  5   2217  5   2218  5   2219  5   2220  5
  2221  5   2222  5   2223  5   2224  5   2225  5
  2226  5   2227  5   2228  5   2229  5   2230  5
  2231  5   2232  5   2233  5   2234  5   2235  5
  2236  5   2237  5   2238  5   2239  5   2240  5
  2241  5   2242  5   2243  5   2244  5   2245  5
  2246  5   2247  5   2248  5   2249  5   2250  5
  2251  5   2252  5   2253  5   2254  5   2255  5
  2256  5   2257  5   2258  5   2259  5   2260  5
  2261  5   2262  5   2263  5   2264  5   2265  5
  2266  5   2267  5   2268  5   2269  5   2270  5
  2271  5   2272  5   2273  5   2274  5   2275  5
  2276  5   2277  5   2278  5   2279  5   2280  5
  2281  5   2282  5   2283  5   2284  5   2285  5
  2286  5   2287  5   2288  5   2289  5   2290  5
  2291  5   2292  5   2293  5   2294  5   2295  5
  2296  5   2297  5   2298  5   2299  5   2300  5
  2301  5   2302  5   2303  5   2304  5   2305  5
  2306  5   2307  5   2308  5   2309  5   2310  5
  2311  5   2312  5   2313  5   2314  5   2315  5
  2316  5   2317  5   2318  5   2319  5   2320  5
  2321  5   2322  5   2323  5   2324  5   2325  5
  2326  5   2327  5   2328  5   2329  5   2330  5
  2331  5   2332  5   2333  5   2334  5   2335  5
  2336  5   2337  5   2338  5   2339  5   2340  5
  2341  5   2342  5   2343  5   2344  5   2345  5
  2346  5   2347  5   2348  5   2349  5   2350  5
  2351  5   2352  5   2353  5   2354  5   2355  5
  2356  5   2357  5   2358  5   2359  5   2360  5
  2361  5   2362  5   2363  5   2364  5   2365  5
  2366  5   2367  5   2368  5   2369  5   2370  5
  2371  5   2372  5   2373  5   2374  5   2375  5
  2376  5   2377  5   2378  5   2379  5   2380  5
  2381  5   2382  5   2383  5   2384  5   2385  5
  2386  5   2387  5   2388  5   2389  5   2390  5
  2391  5   2392  5   2393  5   2394  5   2395  5
  2396  5   2397  5   2398  5   2399  5   2400  5
  2401  5   2402  5   2403  5   2404  5   2405  5
  2406  5   2407  5   2408  5   2409  5   2410  5
  2411  5   2412  5   2413  5   2414  5   2415  5
  2416  5   2417  5   2418  5   2419  5   2420  5
  2421  5   2422  5   2423  5   2424  5   2425  5
  2426  5   2427  5   2428  5   2429  5   2430  5
  2431  5   2432  5   2433  5   2434  5   2435  5
  2436  5   2437  5   2438  5   2439  5   2440  5
  2441  5   2442  5   2443  5   2444  5   2445  5
  2446  5   2447  5   2448  5   2449  5   2450  5
  2451  5   2452  5   2453  5   2454  5   2455  5
  2456  5   2457  5   2458  5   2459  5   2460  5
  2461  5   2462  5   2463  5   2464  5   2465  5
  2466  5   2467  5   2468  5   2469  5   2470  5
  2471  5   2472  5   2473  5   2474  5   2475  5
  2476  5   2477  5   2478  5   2479  5   2480  5
  2481  5   2482  5   2483  5   2484  5   2485  5
  2486  5   2487  5   2488  5   2489  5   2490  5
  2491  5   2492  5   2493  5   2494  5   2495  5
  2496  5   2497  5   2498  5   2499  5   2500  5
  2501  5   2502  5   2503  5   2504  5   2505  5
  2506  5   2507  5   2508  5   2509  5   2510  5
  2511  5   2512  5   2513  5   2514  5   2515  5
  2516  5   2517  5   2518  5   2519  5   2520  5
  2521  5   2522  5   2523  5   2524  5   2525  5
  2526  5   2527  5   2528  5   2529  5   2530  5
  2531  5   2532  5   2533  5   2534  5   2535  5
  2536  5   2537  5   2538  5   2539  5   2540  5
  2541  5   2542  5   2543  5   2544  5   2545  5
  2546  5   2547  5   2548  5   2549  5   2550  5
  2551  5   2552  5   2553  5   2554  5   2555  5
  2556  5   2557  5   2558  5   2559  5   2560  5
  2561  5   2562  5   2563  5   2564  5   2565  5
  2566  5   2567  5   2568  5   2569  5   2570  5
  2571  5   2572  5   2573  5   2574  5   2575  5
  2576  5   2577  5   2578  5   2579  5   2580  5
  2581  5   2582  5   2583  5   2584  5   2585  5
  2586  5   2587  5   2588  5   2589  5   2590  5
  2591  5   2592  5   2593  5   2594  5   2595  5
  2596  5   2597  5   2598  5   2599  5   2600  5
  2601  5   2602  5   2603  5   2604  5   2605  5
  2606  5   2607  5   2608  5   2609  5   2610  5
  2611  5   2612  5   2613  5   2614  5   2615  5
  2616  5   2617  5   2618  5   2619  5   2620  5
  2621  5   2622  5   2623  5   2624  5   2625  5
  2626  5   2627  5   2628  5   2629  5   2630  5
  2631  5   2632  5   2633  5   2634  5   2635  5
  2636  5   2637  5   2638  5   2639  5   2640  5
  2641  5   2642  5   2643  5   2644  5   2645  5
  2646  5   2647  5   2648  5   2649  5   2650  5
  2651  5   2652  5   2653  5   2654  5   2655  5
  2656  5   2657  5   2658  5   2659  5   2660  5
  2661  5   2662  5   2663  5   2664  5   2665  5
  2666  5   2667  5   2668  5   2669  5   2670  5
  2671  5   2672  5   2673  5   2674  5   2675  5
  2676  5   2677  5   2678  5   2679  5   2680  5
  2681  5   2682  5   2683  5   2684  5   2685  5
  2686  5   2687  5   2688  5   2689  5   2690  5
  2691  5   2692  5   2693  5   2694  5   2695  5
  2696  5   2697  5   2698  5   2699  5   2700  5
  2701  5   2702  5   2703  5   2704  5   2705  5
  2706  5   2707  5   2708  5   2709  5   2710  5
  2711  5   2712  5   2713  5   2714  5   2715  5
  2716  5   2717  5   2718  5   2719  5   2720  5
  2721  5   2722  5   2723  5   2724  5   2725  5
  2726  5   2727  5   2728  5   2729  5   2730  5
  2731  5   2732  5   2733  5   2734  5   2735  5
  2736  5   2737  5   2738  5   2739  5   2740  5
  2741  5   2742  5   2743  5   2744  5   2745  5
  2746  5   2747  5   2748  5   2749  5   2750  5
  2751  5   2752  5   2753  5   2754  5   2755  5
  2756  5   2757  5   2758  5   2759  5   2760  5
  2761  5   2762  5   2763  5   2764  5   2765  5
  2766  5   2767  5   2768  5   2769  5   2770  5
  2771  5   2772  5   2773  5   2774  5   2775  5
  2776  5   2777  5   2778  5   2779  5   2780  5
  2781  5   2782  5   2783  5   2784  5   2785  5
  2786  5   2787  5   2788  5   2789  5   2790  5
  2791  5   2792  5   2793  5   2794  5   2795  5
  2796  5   2797  5   2798  5   2799  5   2800  5
  2801  5   2802  5   2803  5   2804  5   2805  5
  2806  5   2807  5   2808  5   2809  5   2810  5
  2811  5   2812  5   2813  5   2814  5   2815  5
  2816  5   2817  5   2818  5   2819  5   2820  5
  2821  5   2822  5   2823  5   2824  5   2825  5
  2826  5   2827  5   2828  5   2829  5   2830  5
  2831  5   2832  5   2833  5   2834  5   2835  5
  2836  5   2837  5   2838  5   2839  5   2840  5
  2841  5   2842  5   2843  5   2844  5   2845  5
  2846  5   2847  5   2848  5   2849  5   2850  5
  2851  5   2852  5   2853  5   2854  5   2855  5
  2856  5   2857  5   2858  5   2859  5   2860  5
  2861  5   2862  5   2863  5   2864  5   2865  5
  2866  5   2867  5   2868  5   2869  5   2870  5
  2871  5   2872  5   2873  5   2874  5   2875  5
  2876  5   2877  5   2878  5   2879  5   2880  5
  2881  5   2882  5   2883  5   2884  5   2885  5
  2886  5   2887  5   2888  5   2889  5   2890  5
  2891  5   2892  5   2893  5   2894  5   2895  5
  2896  5   2897  5   2898  5   2899  5   2900  5
  2901  5   2902  5   2903  5   2904  5   2905  5
  2906  5   2907  5   2908  5   2909  5   2910  5
  2911  5   2912  5   2913  5   2914  5   2915  5
  2916  5   2917  5   2918  5   2919  5   2920  5
  2921  5   2922  5   2923  5   2924  5   2925  5
  2926  5   2927  5   2928  5   2929  5   2930  5
  2931  5   2932  5   2933  5   2934  5   2935  5
  2936  5   2937  5   2938  5   2939  5   2940  5
  2941  5   2942  5   2943  5   2944  5   2945  5
  2946  5   2947  5   2948  5   2949  5   2950  5
  2951  5   2952  5   2953  5   2954  5   2955  5
  2956  5   2957  5   2958  5   2959  5   2960  5
  2961  5   2962  5   2963  5   2964  5   2965  5
  2966  5   2967  5   2968  5   2969  5   2970  5
  2971  5   2972  5   2973  5   2974  5   2975  5
  2976  5   2977  5   2978  5   2979  5   2980  5
  2981  5   2982  5   2983  5   2984  5   2985  5
  2986  5   2987  5   2988  5   2989  5   2990  5
  2991  5   2992  5   2993  5   2994  5   2995  5
  2996  5   2997  5   2998  5   2999  5   3000  5
  3001  5   3002  5   3003  5   3004  5   3005  5
  3006  5   3007  5   3008  5   3009  5   3010  5
  3011  5   3012  5   3013  5   3014  5   3015  5
  3016  5   3017  5   3018  5   3019  5   3020  5
  3021  5   3022  5   3023  5   3024  5   3025  5
  3026  5   3027  5   3028  5   3029  5   3030  5
  3031  5   3032  5   3033  5   3034  5   3035  5
  3036  5   3037  5   3038  5   3039  5   3040  5
  3041  5   3042  5   3043  5   3044  5   3045  5
  3046  5   3047  5   3048  5   3049  5   3050  5
  3051  6   3052  6   3053  6   3054  6   3055  6
  3056  6   3057  6   3058  6   3059  6   3060  6
  3061  6   3062  6   3063  6   3064  6   3065  6
  3066  6   3067  6   3068  6   3069  6   3070  6
  3071  6   3072  6   3073  6   3074  6   3075  6
  3076  6   3077  6   3078  6   3079  6   3080  6
  3081  6   3082  6   3083  6   3084  6   3085  6
  3086  6   3087  6   3088  6   3089  6   3090  6
  3091  6   3092  6   3093  6   3094  6   3095  6
  3096  6   3097  6   3098  6   3099  6   3100  6
  3101  6   3102  6   3103  6   3104  6   3105  6
  3106  6   3107  6   3108  6   3109  6   3110  6
  3111  6   3112  6   3113  6   3114  6   3115  6
  3116  6   3117  6   3118  6   3119  6   3120  6
  3121  6   3122  6   3123  6   3124  6   3125  6
  3126  6   3127  6   3128  6   3129  6   3130  6
  3131  6   3132  6   3133  6   3134  6   3135  6
  3136  6   3137  6   3138  6   3139  6   3140  6
  3141  6   3142  6   3143  6   3144  6   3145  6
  3146  6   3147  6   3148  6   3149  6   3150  6
  3151  6   3152  6   3153  6   3154  6   3155  6
  3156  6   3157  6   3158  6   3159  6   3160  6
  3161  6   3162  6   3163  6   3164  6   3165  6
  3166  6   3167  6   3168  6   3169  6   3170  6
  3171  6   3172  6   3173  6   3174  6   3175  6
  3176  6   3177  6   3178  6   3179  6   3180  6
  3181  6   3182  6   3183  6   3184  6   3185  6
  3186  6   3187  6   3188  6   3189  6   3190  6
  3191  6   3192  6   3193  6   3194  6   3195  6
  3196  6   3197  6   3198  6   3199  6   3200  6
  3201  6   3202  6   3203  6   3204  6   3205  6
  3206  6   3207  6   3208  6   3209  6   3210  6
  3211  6   3212  6   3213  6   3214  6   3215  6
  3216  6   3217  6   3218  6   3219  6   3220  6
  3221  6   3222  6   3223  6   3224  6   3225  6
  3226  6   3227  6   3228  6   3229  6   3230  6
  3231  6   3232  6   3233  6   3234  6   3235  6
  3236  6   3237  6   3238  6   3239  6   3240  6
  3241  6   3242  6   3243  6   3244  6   3245  6
  3246  6   3247  6   3248  6   3249  6   3250  6
  3251  6   3252  6   3253  6   3254  6   3255  6
  3256  6   3257  6   3258  6   3259  6   3260  6
  3261  6   3262  6   3263  6   3264  6   3265  6
  3266  6   3267  6   3268  6   3269  6   3270  6
  3271  6   3272  6   3273  6   3274  6   3275  6
  3276  6   3277  6   3278  6   3279  6   3280  6
  3281  6   3282  6   3283  6   3284  6   3285  6
  3286  6   3287  6   3288  6   3289  6   3290  6
  3291  6   3292  6   3293  6   3294  0   3295  6
  3296  6   3297  6   3298  6   3299  6   3300  6
  3301  6   3302  6   3303  6   3304  6   3305  6
  3306  6   3307  6   3308  0   3309  6   3310  6
  3311  6   3312  6   3313  6   3314  6   3315  6
  3316  6   3317  6   3318  6   3319  6   3320  6
  3321  0   3322  6   3323  6   3324  6   3325  6
  3326  6   3327  6   3328  6   3329  6   3330  6
  3331  6   3332  6   3333  0   3334  6   3335  6
  3336  6   3337  6   3338  6   3339  6   3340  6
  3341  6   3342  6   3343  6   3344  6   3345  0
  3346  0   3347  0   3348  0   3349  0   3350  0
  3351  0   3352  0   3353  0   3354  0   3355  0
  3356  6   3357  6   3358  6   3359  6   3360  6
  3361  6   3362  6   3363  6   3364  6   3365  6
  3366  6   3367  6   3368  6   3369  6   3370  6
  3371  6   3372  6   3373  6   3374  6   3375  6
  3376  6   3377  6   3378  6   3379  6   3380  6
  3381  6   3382  6   3383  6   3384  6   3385  6
  3386  6   3387  6   3388  6   3389  6   3390  6
  3391  6   3392  6   3393  6   3394  6   3395  6
  3396  6   3397  6   3398  6   3399  6   3400  6
  3401  6   3402  6   3403  6   3404  6   3405  6
  3406  6   3407  6   3408  6   3409  6   3410  6
  3411  6   3412  6   3413  6   3414  0   3415  6
  3416  6   3417  6   3418  6   3419  6   3420  6
  3421  6   3422  6   3423  6   3424  6   3425  6
  3426  6   3427  6   3428  0   3429  6   3430  6
  3431  6   3432  6   3433  6   3434  6   3435  6
  3436  6   3437  6   3438  6   3439  6   3440  6
  3441  0   3442  6   3443  6   3444  6   3445  6
  3446  6   3447  6   3448  6   3449  6   3450  6
  3451  6   3452  6   3453  0   3454  6   3455  6
  3456  6   3457  6   3458  0   3459  6   3460  6
  3461  6   3462  6   3463  6   3464  6   3465  0
  3466  0   3467  0   3468  0   3469  0   3470  0
  3471  0   3472  0   3473  0   3474  0   3475  0
  3476  6   3477  6   3478  6   3479  6   3480  6
  3481  6   3482  6   3483  6   3484  6   3485  6
  3486  6   3487  6   3488  6   3489  6   3490  6
  3491  6   3492  6   3493  6   3494  6   3495  6
  3496  6   3497  6   3498  6   3499  6   3500  6
  3501  6   3502  6   3503  6   3504  6   3505  6
  3506  6   3507  6   3508  6   3509  6   3510  6
  3511  6   3512  6   3513  6   3514  6   3515  6
  3516  6   3517  6   3518  6   3519  6   3520  6
  3521  6   3522  6   3523  6   3524  6   3525  6
  3526  6   3527  6   3528  6   3529  6   3530  6
  3531  6   3532  6   3533  6   3534  6   3535  6
  3536  6   3537  6   3538  6   3539  0   3540  6
  3541  6   3542  6   3543  6   3544  6   3545  6
  3546  6   3547  6   3548  6   3549  6   3550  6
  3551  6   3552  6   3553  0   3554  6   3555  6
  3556  6   3557  6   3558  6   3559  6   3560  6
  3561  6   3562  6   3563  6   3564  6   3565  6
  3566  0   3567  6   3568  6   3569  6   3570  6
  3571  6   3572  6   3573  6   3574  6   3575  6
  3576  6   3577  6   3578  0   3579  6   3580  6
  3581  6   3582  6   3583  6   3584  6   3585  6
  3586  6   3587  6   3588  6   3589  0   3590  6
  3591  6   3592  6   3593  6   3594  6   3595  6
  3596  6   3597  6   3598  6   3599  0   3600  6
  3601  6   3602  6   3603  6   3604  6   3605  6
  3606  6   3607  6   3608  0   3609  6   3610  6
  3611  6   3612  6   3613  6   3614  6   3615  6
  3616  0   3617  6   3618  6   3619  6   3620  6
  3621  6   3622  6   3623  0   3624  6   3625  6
  3626  6   3627  6   3628  6   3629  6   3630  0
  3631  0   3632  0   3633  0   3634  0   3635  0
  3636  6   3637  6   3638  6   3639  6   3640  6
  3641  6   3642  6   3643  6   3644  6   3645  6
  3646  6   3647  6   3648  6   3649  6   3650  6
  3651  6   3652  6   3653  6   3654  6   3655  6
  3656  6   3657  6   3658  6   3659  6   3660  6
  3661  6   3662  6   3663  6   3664  6   3665  6
  3666  6   3667  6   3668  6   3669  6   3670  6
  3671  6   3672  6   3673  6   3674  6   3675  6
  3676  6   3677  6   3678  6   3679  6   3680  6
  3681  6   3682  6   3683  6   3684  6   3685  6
  3686  6   3687  6   3688  6   3689  6   3690  6
  3691  6   3692  6   3693  6   3694  6   3695  6
  3696  6   3697  6   3698  6   3699  6   3700  6
  3701  6   3702  6   3703  6   3704  6   3705  6
  3706  6   3707  6   3708  6   3709  6   3710  6
  3711  6   3712  6   3713  6   3714  6   3715  6
  3716  6   3717  6   3718  6   3719  6   3720  6
  3721  6   3722  6   3723  6   3724  6   3725  6
  3726  6   3727  6   3728  6   3729  6   3730  6
  3731  6   3732  6   3733  6   3734  6   3735  6
  3736  6   3737  6   3738  6   3739  6   3740  6
  3741  6   3742  6   3743  6   3744  6   3745  6
  3746  6   3747  6   3748  6   3749  6   3750  6
  3751  6   3752  6   3753  6   3754  6   3755  6
  3756  6   3757  6   3758  6   3759  6   3760  6
  3761  6   3762  6   3763  6   3764  6   3765  6
  3766  6   3767  6   3768  6   3769  6   3770  6
  3771  6   3772  6   3773  6   3774  6   3775  6
  3776  6   3777  6   3778  6   3779  6   3780  6
  3781  6   3782  6   3783  6   3784  6   3785  6
  3786  6   3787  6   3788  0   3789  6   3790  6
  3791  6   3792  6   3793  6   3794  6   3795  6
  3796  6   3797  6   3798  6   3799  6   3800  6
  3801  6   3802  0   3803  6   3804  6   3805  6
  3806  6   3807  6   3808  6   3809  6   3810  6
  3811  6   3812  6   3813  0   3814  6   3815  6
  3816  6   3817  6   3818  0   3819  6   3820  0
  3821  6   3822  6   3823  6   3824  6   3825  6
  3826  6   3827  6   3828  6   3829  6   3830  6
  3831  6   3832  6   3833  6   3834  0   3835  6
  3836  6   3837  6   3838  6   3839  6   3840  6
  3841  6   3842  6   3843  6   3844  6   3845  6
  3846  6   3847  6   3848  6   3849  6   3850  6
  3851  6   3852  0   3853  6   3854  6   3855  6
  3856  6   3857  6   3858  6   3859  6   3860  6
  3861  6   3862  6   3863  6   3864  6   3865  6
  3866  0   3867  6   3868  6   3869  6   3870  6
  3871  6   3872  6   3873  6   3874  6   3875  6
  3876  6   3877  6   3878  6   3879  6   3880  6
  3881  6   3882  0   3883  6   3884  0   3885  6
  3886  6   3887  6   3888  6   3889  6   3890  6
  3891  6   3892  6   3893  6   3894  6   3895  6
  3896  6   3897  6   3898  6   3899  6   3900  6
  3901  6   3902  6   3903  6   3904  6   3905  6
  3906  6   3907  6   3908  0   3909  6   3910  6
  3911  6   3912  6   3913  6   3914  6   3915  6
  3916  6   3917  6   3918  6   3919  6   3920  6
  3921  6   3922  0   3923  6   3924  6   3925  6
  3926  6   3927  6   3928  6   3929  6   3930  6
  3931  6   3932  6   3933  6   3934  6   3935  6
  3936  6   3937  6   3938  0   3939  6   3940  0
  3941  6   3942  6   3943  6   3944  6   3945  6
  3946  6   3947  6   3948  6   3949  6   3950  6
  3951  6   3952  6   3953  6   3954  0   3955  6
  3956  6   3957  6   3958  6   3959  6   3960  6
  3961  6   3962  6   3963  6   3964  6   3965  6
  3966  6   3967  6   3968  6   3969  6   3970  6
  3971  6   3972  0   3973  6   3974  6   3975  6
  3976  6   3977  6   3978  6   3979  6   3980  6
  3981  6   3982  6   3983  6   3984  6   3985  6
  3986  0   3987  6   3988  6   3989  6   3990  6
  3991  6   3992  6   3993  6   3994  6   3995  6
  3996  6   3997  6   3998  6   3999  6   4000  6
  4001  6   4002  0   4003  6   4004  0   4005  6
  4006  6   4007  6   4008  6   4009  0   4010  6
  4011  6   4012  6   4013  6   4014  0   4015  0
  4016  0   4017  0   4018  0   4019  0   4020  0
  4021  0   4022  0   4023  0   4024  0   4025  6
  4026  6   4027  6   4028  6   4029  6   4030  6
  4031  6   4032  6   4033  6   4034  6   4035  6
  4036  6   4037  6   4038  6   4039  6   4040  6
  4041  6   4042  6   4043  6   4044  6   4045  6
  4046  6   4047  6   4048  6   4049  6   4050  6
  4051  6   4052  6   4053  6   4054  6   4055  6
  4056  6   4057  6   4058  6   4059  6   4060  6
  4061  6   4062  6   4063  6   4064  6   4065  6
  4066  6   4067  6   4068  6   4069  6   4070  6
  4071  6   4072  6   4073  6   4074  6   4075  6
  4076  6   4077  6   4078  6   4079  6   4080  6
  4081  6   4082  6   4083  6   4084  6   4085  6
  4086  6   4087  6   4088  6   4089  6   4090  6
  4091  6   4092  6   4093  6   4094  6   4095  6
  4096  6   4097  6   4098  6   4099  6   4100  6
  4101  6   4102  6   4103  6   4104  6   4105  6
  4106  6   4107  6   4108  6   4109  6   4110  6
  4111  6   4112  6   4113  6   4114  6   4115  6
  4116  6   4117  6   4118  6   4119  6   4120  6
  4121  6   4122  6   4123  6   4124  6   4125  6
  4126  6   4127  6   4128  6   4129  6   4130  6
  4131  6   4132  0   4133  6   4134  6   4135  6
  4136  6   4137  6   4138  6   4139  6   4140  6
  4141  6   4142  6   4143  6   4144  6   4145  6
  4146  0   4147  6   4148  6   4149  6   4150  6
  4151  6   4152  6   4153  6   4154  6   4155  6
  4156  6   4157  6   4158  6   4159  6   4160  0
  4161  0   4162  0   4163  0   4164  0   4165  0
  4166  0   4167  0   4168  0   4169  0   4170  0
  4171  0   4172  0   4173  6   4174  6   4175  6
  4176  6   4177  6   4178  6   4179  6   4180  6
  4181  6   4182  6   4183  6   4184  6   4185  6
  4186  6   4187  6   4188  6   4189  6   4190  6
  4191  6   4192  6   4193  6   4194  6   4195  6
  4196  6   4197  6   4198  6   4199  6   4200  6
  4201  6   4202  6   4203  6   4204  6   4205  6
  4206  6   4207  6   4208  6   4209  6   4210  6
  4211  6   4212  6   4213  6   4214  6   4215  6
  4216  6   4217  6   4218  6   4219  6   4220  6
  4221  6   4222  6   4223  6   4224  6   4225  6
  4226  6   4227  6   4228  6   4229  6   4230  6
  4231  6   4232  6   4233  6   4234  6   4235  6
  4236  6   4237  6   4238  6   4239  6   4240  6
  4241  6   4242  6   4243  6   4244  6   4245  6
  4246  6   4247  6   4248  6   4249  6   4250  6
  4251  6   4252  6   4253  6   4254  6   4255  6
  4256  6   4257  6   4258  6   4259  0   4260  6
  4261  6   4262  6   4263  0   4264  6   4265  0
  4266  6   4267  6   4268  6   4269  6   4270  6
  4271  6   4272  6   4273  6   4274  6   4275  6
  4276  6   4277  6   4278  6   4279  6   4280  6
  4281  6   4282  6   4283  6   4284  6   4285  6
  4286  6   4287  6   4288  6   4289  6   4290  6
  4291  6   4292  6   4293  6   4294  6   4295  6
  4296  6   4297  6   4298  6   4299  6   4300  6
  4301  6   4302  6   4303  6   4304  6   4305  6
  4306  6   4307  6   4308  6   4309  6   4310  6
  4311  6   4312  6   4313  6   4314  6   4315  6
  4316  6   4317  6   4318  6   4319  6   4320  6
  4321  6   4322  6   4323  6   4324  6   4325  6
  4326  6   4327  6   4328  6   4329  6   4330  6
  4331  6   4332  6   4333  6   4334  6   4335  6
  4336  6   4337  6   4338  6   4339  6   4340  6
  4341  6   4342  6   4343  6   4344  6   4345  6
  4346  6   4347  6   4348  6   4349  6   4350  6
  4351  6   4352  6   4353  6   4354  6   4355  6
  4356  6   4357  6   4358  6   4359  6   4360  6
  4361  6   4362  6   4363  6   4364  6   4365  6
  4366  6   4367  6   4368  6   4369  6   4370  6
  4371  6   4372  6   4373  6   4374  6   4375  6
  4376  6   4377  6   4378  6   4379  6   4380  6
  4381  6   4382  6   4383  6   4384  6   4385  6
  4386  6   4387  6   4388  6   4389  6   4390  6
  4391  6   4392  6   4393  6   4394  6   4395  6
  4396  6   4397  6   4398  6   4399  6   4400  6
  4401  6   4402  6   4403  6   4404  6   4405  6
  4406  6   4407  6   4408  6   4409  6   4410  6
  4411  6   4412  6   4413  6   4414  6   4415  6
  4416  6   4417  6   4418  6   4419  6   4420  6
  4421  6   4422  6   4423  6   4424  6   4425  6
  4426  6   4427  6   4428  6   4429  6   4430  6
  4431  6   4432  6   4433  6   4434  6   4435  6
  4436  6   4437  6   4438  6   4439  6   4440  6
  4441  6   4442  6   4443  6   4444  6   4445  6
  4446  6   4447  6   4448  6   4449  6   4450  6
  4451  6   4452  6   4453  6   4454  6   4455  6
  4456  6   4457  6   4458  6   4459  6   4460  6
  4461  6   4462  6   4463  6   4464  6   4465  6
  4466  6   4467  6   4468  6   4469  6   4470  6
  4471  6   4472  6   4473  6   4474  6   4475  6
  4476  6   4477  6   4478  6   4479  6   4480  6
  4481  6   4482  6   4483  6   4484  6   4485  6
  4486  6   4487  6   4488  6   4489  6   4490  6
  4491  6   4492  6   4493  6   4494  6   4495  6
  4496  6   4497  6   4498  0   4499  6   4500  6
  4501  6   4502  6   4503  6   4504  6   4505  6
  4506  6   4507  6   4508  6   4509  6   4510  6
  4511  6   4512  6   4513  6   4514  6   4515  6
  4516  6   4517  6   4518  6   4519  6   4520  6
  4521  6   4522  6   4523  6   4524  6   4525  0
  4526  6   4527  6   4528  6   4529  6   4530  6
  4531  6   4532  6   4533  6   4534  6   4535  6
  4536  6   4537  0   4538  6   4539  6   4540  6
  4541  6   4542  6   4543  6   4544  6   4545  6
  4546  6   4547  6   4548  0   4549  6   4550  6
  4551  6   4552  6   4553  6   4554  6   4555  6
  4556  6   4557  6   4558  6   4559  6   4560  6
  4561  6   4562  6   4563  6   4564  6   4565  6
  4566  6   4567  6   4568  6   4569  6   4570  6
  4571  6   4572  6   4573  6   4574  6   4575  6
  4576  6   4577  6   4578  6   4579  6   4580  6
  4581  6   4582  6   4583  6   4584  0   4585  6
  4586  6   4587  0   4588  6   4589  6   4590  6
  4591  6   4592  6   4593  6   4594  6   4595  6
  4596  6   4597  6   4598  6   4599  6   4600  6
  4601  6   4602  6   4603  6   4604  6   4605  6
  4606  6   4607  6   4608  6   4609  6   4610  6
  4611  6   4612  6   4613  6   4614  6   4615  6
  4616  6   4617  6   4618  0   4619  6   4620  6
  4621  0   4622  6   4623  6   4624  6   4625  6
  4626  6   4627  6   4628  6   4629  6   4630  6
  4631  6   4632  0   4633  6   4634  6   4635  0
  4636  6   4637  6   4638  6   4639  6   4640  6
  4641  6   4642  6   4643  6   4644  6   4645  0
  4646  6   4647  6   4648  0   4649  6   4650  6
  4651  6   4652  6   4653  6   4654  6   4655  6
  4656  6   4657  0   4658  6   4659  6   4660  0
  4661  6   4662  6   4663  6   4664  6   4665  6
  4666  6   4667  6   4668  0   4669  6   4670  6
  4671  0   4672  6   4673  6   4674  6   4675  6
  4676  6   4677  6   4678  0   4679  6   4680  6
  4681  0   4682  6   4683  6   4684  6   4685  6
  4686  6   4687  0   4688  6   4689  6   4690  0
  4691  6   4692  6   4693  6   4694  6   4695  0
  4696  6   4697  6   4698  0   4699  6   4700  6
  4701  6   4702  6   4703  0   4704  0   4705  0
  4706  0   4707  0   4708  0   4709  0   4710  6
  4711  0   4712  6   4713  6   4714  6   4715  6
  4716  0   4717  6   4718  6   4719  6   4720  6
  4721  0   4722  0   4723  0   4724  0   4725  6
  4726  6   4727  6   4728  6   4729  6   4730  6
  4731  6   4732  6   4733  6   4734  6   4735  6
  4736  6   4737  6   4738  6   4739  6   4740  6
  4741  6   4742  6   4743  6   4744  6   4745  6
  4746  6   4747  6   4748  6   4749  6   4750  6
  4751  6   4752  6   4753  6   4754  6   4755  6
  4756  6   4757  6   4758  6   4759  6   4760  6
  4761  6   4762  6   4763  6   4764  6   4765  6
  4766  6   4767  6   4768  6   4769  6   4770  6
  4771  6   4772  6   4773  6   4774  6   4775  6
  4776  6   4777  6   4778  6   4779  6   4780  6
  4781  6   4782  6   4783  6   4784  6   4785  6
  4786  6   4787  6   4788  6   4789  6   4790  6
  4791  6   4792  6   4793  6   4794  6   4795  6
  4796  6   4797  6   4798  6   4799  6   4800  6
  4801  6   4802  6   4803  6   4804  6   4805  6
  4806  6   4807  6   4808  6   4809  6   4810  6
  4811  6   4812  6   4813  6   4814  6   4815  6
  4816  6   4817  6   4818  6   4819  6   4820  6
  4821  6   4822  6   4823  6   4824  6   4825  6
  4826  6   4827  6   4828  6   4829  6   4830  6
  4831  6   4832  6   4833  6   4834  6   4835  6
  4836  6   4837  6   4838  6   4839  6   4840  6
  4841  6   4842  6   4843  6   4844  6   4845  6
  4846  6   4847  6   4848  6   4849  6   4850  6
  4851  6   4852  6   4853  6   4854  6   4855  6
  4856  0   4857  6   4858  6   4859  6   4860  0
  4861  6   4862  6   4863  6   4864  6   4865  6
  4866  6   4867  6   4868  6   4869  6   4870  0
  4871  6   4872  6   4873  6   4874  0   4875  6
  4876  6   4877  6   4878  6   4879  6   4880  6
  4881  6   4882  6   4883  0   4884  6   4885  6
  4886  6   4887  0   4888  6   4889  6   4890  6
  4891  6   4892  6   4893  6   4894  6   4895  0
  4896  6   4897  6   4898  6   4899  0   4900  6
  4901  6   4902  6   4903  6   4904  6   4905  6
  4906  0   4907  6   4908  6   4909  6   4910  0
  4911  6   4912  6   4913  6   4914  6   4915  6
  4916  0   4917  6   4918  6   4919  6   4920  0
  4921  6   4922  6   4923  6   4924  6   4925  6
  4926  0   4927  0   4928  0   4929  0   4930  0
  4931  0   4932  0   4933  0   4934  0   4935  6
  4936  6   4937  0   4938  6   4939  6   4940  6
  4941  6   4942  6   4943  6   4944  0   4945  6
  4946  6   4947  6   4948  6   4949  6   4950  0
  4951  6   4952  6   4953  6   4954  6   4955  6
  4956  0   4957  0   4958  0   4959  0   4960  0
  4961  6   4962  6   4963  6   4964  6   4965  6
  4966  6   4967  6   4968  6   4969  6   4970  6
  4971  0   4972  0   4973  0   4974  0   4975  0
  4976  0   4977  0   4978  0   4979  0   4980  0
  4981  0   4982  0   4983  0   4984  0   4985  0
  4986  0   4987  6   4988  6   4989  6   4990  6
  4991  6   4992  6   4993  6   4994  6   4995  6
  4996  0   4997  6   4998  6   4999  6   5000  0
  5001  0   5002  0   5003  0   5004  0   5005  0
  5006  0   5007  0   5008  0   5009  0   5010  0
  5011  0   5012  0   5013  6   5014  6   5015  6
  5016  6   5017  6   5018  6   5019  6   5020  6
  5021  0   5022  6   5023  6   5024  6   5025  6
  5026  6   5027  6   5028  6   5029  6   5030  6
  5031  6   5032  0   5033  6   5034  6   5035  6
  5036  6   5037  6   5038  6   5039  6   5040  6
  5041  6   5042  0   5043  6   5044  6   5045  6
  5046  6   5047  6   5048  6   5049  6   5050  6
  5051  0   5052  6   5053  6   5054  6   5055  6
  5056  6   5057  6   5058  6   5059  0   5060  6
  5061  6   5062  6   5063  6   5064  6   5065  6
  5066  0   5067  6   5068  6   5069  6   5070  6
  5071  6   5072  0   5073  6   5074  6   5075  6
  5076  6   5077  0   5078  6   5079  6   5080  6
  5081  0   5082  6   5083  6   5084  6   5085  0
  5086  0   5087  0   5088  6   5089  6   5090  6
  5091  6   5092  6   5093  6   5094  6   5095  0
  5096  6   5097  6   5098  6   5099  6   5100  6
  5101  6   5102  6   5103  6   5104  0   5105  6
  5106  6   5107  6   5108  6   5109  6   5110  6
  5111  6   5112  6   5113  6   5114  6   5115  6
  5116  6   5117  6   5118  0   5119  6   5120  6
  5121  6   5122  6   5123  6   5124  6   5125  6
  5126  6   5127  6   5128  6   5129  6   5130  6
  5131  0   5132  6   5133  6   5134  0   5135  6
  5136  6   5137  6   5138  6   5139  6   5140  6
  5141  6   5142  6   5143  0   5144  6   5145  6
  5146  6   5147  6   5148  6   5149  6   5150  6
  5151  6   5152  6   5153  6   5154  0   5155  6
  5156  0   5157  0   5158  0   5159  0   5160  0
  5161  0   5162  0   5163  0   5164  0   5165  0
  5166  6   5167  6   5168  6   5169  6   5170  6
  5171  6   5172  6   5173  0   5174  6   5175  6
  5176  6   5177  6   5178  6   5179  6   5180  6
  5181  0   5182  6   5183  6   5184  6   5185  6
  5186  6   5187  6   5188  0   5189  6   5190  6
  5191  6   5192  6   5193  6   5194  0   5195  6
  5196  6   5197  6   5198  6   5199  0   5200  6
  5201  6   5202  6   5203  0   5204  6   5205  6
  5206  0   5207  6   5208  0   5209  6   5210  0
  5211  0   5212  0   5213  0   5214  0   5215  0
  5216  0   5217  0   5218  0   5219  0   5220  0
  5221  0   5222  0   5223  0   5224  0   5225  0
  5226  0   5227  0   5228  0   5229  0   5230  0
  5231  0   5232  0   5233  0   5234  0   5235  0
  5236  0   5237  0   5238  0   5239  0   5240  0
  5241  0   5242  0   5243  0   5244  0   5245  0
  5246  0   5247  0   5248  0   5249  0   5250  0
  5251  0   5252  0   5253  0   5254  0   5255  0
  5256  0   5257  0   5258  0   5259  0   5260  0
  5261  0   5262  0   5263  0   5264  0   5265  0
  5266  0   5267  0   5268  0   5269  0   5270  0
  5271  0   5272  0   5273  0   5274  0   5275  0
  5276  0   5277  0   5278  0   5279  0   5280  0
  5281  0   5282  0   5283  0   5284  0   5285  0
  5286  0   5287  0   5288  0   5289  0   5290  0
  5291  0   5292  0   5293  0   5294  0   5295  0
  5296  0   5297  0   5298  0   5299  0   5300  0
  5301  0   5302  0   5303  0   5304  0   5305  0
  5306  0   5307  0   5308  0   5309  0   5310  0
  5311  0   5312  0   5313  0   5314  0   5315  0
  5316  0   5317  0   5318  0   5319  0   5320  0
  5321  0   5322  0   5323  0   5324  0   5325  0
  5326  0   5327  0   5328  0   5329  0   5330  0
  5331  0   5332  0   5333  0   5334  0   5335  0
  5336  0   5337  0   5338  0   5339  0   5340  0
  5341  0   5342  0   5343  0   5344  0   5345  0
  5346  0   5347  0   5348  0   5349  0   5350  0
  5351  0   5352  0   5353  0   5354  0   5355  0
  5356  0   5357  0   5358  0   5359  0   5360  0
  5361  0   5362  0   5363  0   5364  0   5365  0
  5366  0   5367  0   5368  0   5369  0   5370  0
  5371  0   5372  0   5373  0   5374  0   5375  0
  5376  0   5377  0   5378  0   5379  0   5380  0
  5381  0   5382  0   5383  0   5384  0   5385  0
  5386  0   5387  0   5388  0   5389  0   5390  0
  5391  0   5392  0   5393  0   5394  0   5395  0
  5396  0   5397  0   5398  0   5399  0   5400  0
  5401  0   5402  0   5403  0   5404  0   5405  0
  5406  0   5407  0   5408  0   5409  0   5410  0
  5411  0   5412  0   5413  0   5414  0   5415  0
  5416  0   5417  0   5418  0   5419  0   5420  0
  5421  0   5422  0   5423  0   5424  0   5425  0
  5426  0   5427  0   5428  0   5429  0   5430  0
  5431  0   5432  0   5433  0   5434  0   5435  0
  5436  0   5437  0   5438  0   5439  0   5440  0
  5441  0   5442  0   5443  0   5444  0   5445  0
  5446  0   5447  0   5448  0   5449  0   5450  0
  5451  0   5452  0   5453  0   5454  0   5455  0
  5456  0   5457  0   5458  0   5459  0   5460  0
  5461  0   5462  0   5463  0   5464  0   5465  0
  5466  0   5467  0   5468  0   5469  0   5470  0
  5471  0   5472  0   5473  0   5474  0   5475  0
  5476  0   5477  0   5478  0   5479  0   5480  0
  5481  0   5482  0   5483  0   5484  0   5485  0
  5486  0   5487  0   5488  0   5489  0   5490  0
  5491  0   5492  0   5493  0   5494  0   5495  0
  5496  0   5497  0   5498  0   5499  0   5500  0
  5501  0   5502  0   5503  0   5504  0   5505  0
  5506  0   5507  0   5508  0   5509  0   5510  0
  5511  0   5512  0   5513  0   5514  0   5515  0
  5516  0   5517  0   5518  0   5519  0   5520  0
  5521  0   5522  0   5523  0   5524  0   5525  0
  5526  0   5527  0   5528  0   5529  0   5530  0
  5531  0   5532  0   5533  0   5534  0   5535  0
  5536  0   5537  0   5538  0   5539  0   5540  0
  5541  0   5542  0   5543  0   5544  0   5545  0
  5546  0   5547  0   5548  0   5549  0   5550  0
  5551  0   5552  0   5553  0   5554  0   5555  0
  5556  0   5557  0   5558  0   5559  0   5560  0
  5561  0   5562  0   5563  0   5564  0   5565  0
  5566  0   5567  0   5568  0   5569  0   5570  0
  5571  0   5572  0   5573  0   5574  0   5575  0
  5576  0   5577  0   5578  0   5579  0   5580  0
  5581  0   5582  0   5583  0   5584  0   5585  0
  5586  0   5587  0   5588  0   5589  0   5590  0
  5591  0   5592  0   5593  0   5594  0   5595  0
  5596  0   5597  0   5598  0   5599  0   5600  0
  5601  0   5602  0   5603  0   5604  0   5605  0
  5606  0   5607  0   5608  0   5609  0   5610  0
  5611  0   5612  0   5613  0   5614  0   5615  0
  5616  0   5617  0   5618  0   5619  0   5620  0
  5621  0   5622  0   5623  0   5624  0   5625  0
  5626  0   5627  0   5628  0   5629  0   5630  0
  5631  0   5632  0   5633  0   5634  0   5635  0
  5636  0   5637  0   5638  0   5639  0   5640  0
  5641  0   5642  0   5643  0   5644  0   5645  0
  5646  0   5647  0   5648  0   5649  0   5650  0
  5651  0   5652  0   5653  0   5654  0   5655  0
  5656  0   5657  0   5658  0   5659  0   5660  0
  5661  0   5662  0   5663  0   5664  0   5665  0
  5666  0   5667  0   5668  0   5669  0   5670  0
  5671  0   5672  0   5673  0   5674  0   5675  0
  5676  0   5677  0   5678  0   5679  0   5680  0
  5681  0   5682  0   5683  0   5684  0   5685  0
  5686  0   5687  0   5688  0   5689  0   5690  0
  5691  0   5692  0   5693  0   5694  0   5695  0
  5696  0   5697  0   5698  0   5699  0   5700  0
  5701  0   5702  0   5703  0   5704  0   5705  0
  5706  0   5707  0   5708  0   5709  0   5710  0
  5711  0   5712  0   5713  0   5714  0   5715  0
  5716  0   5717  0   5718  0   5719  0   5720  0
  5721  0   5722  0   5723  0   5724  0   5725  0
  5726  0   5727  0   5728  0   5729  0   5730  0
  5731  0   5732  0   5733  0   5734  0   5735  0
  5736  0   5737  0   5738  0   5739  0   5740  0
  5741  0   5742  0   5743  0   5744  0   5745  0
  5746  0   5747  0   5748  0   5749  0   5750  0
  5751  0   5752  0   5753  0   5754  0   5755  0
  5756  0   5757  0   5758  0   5759  0   5760  0
  5761  0   5762  0   5763  0   5764  0   5765  0
  5766  0   5767  0   5768  0   5769  0   5770  0
  5771  0   5772  0   5773  0   5774  0   5775  0
  5776  0   5777  0   5778  0   5779  0   5780  0
  5781  0   5782  0   5783  0   5784  0   5785  0
  5786  0   5787  0   5788  0   5789  0   5790  0
  5791  0   5792  0   5793  0   5794  0   5795  0
  5796  0   5797  0   5798  0   5799  0   5800  0
  5801  0   5802  0   5803  0   5804  0   5805  0
  5806  0   5807  0   5808  0   5809  0   5810  0
  5811  0   5812  0   5813  0   5814  0   5815  0
  5816  0   5817  0   5818  0   5819  0   5820  0
  5821  0   5822  0   5823  0   5824  0   5825  0
  5826  0   5827  0   5828  0   5829  0   5830  0
  5831  0   5832  0   5833  0   5834  0   5835  0
  5836  0   5837  0   5838  0   5839  0   5840  0
  5841  0   5842  0   5843  0   5844  0   5845  0
  5846  0   5847  0   5848  0   5849  0   5850  0
  5851  0   5852  0   5853  0   5854  0   5855  0
  5856  0   5857  0   5858  0   5859  0   5860  0
  5861  0   5862  0   5863  0   5864  0   5865  0
  5866  0   5867  0   5868  0   5869  0   5870  0
  5871  0   5872  0   5873  0   5874  0   5875  0
  5876  0   5877  0   5878  0   5879  0   5880  0
  5881  0   5882  0   5883  0   5884  0   5885  0
  5886  0   5887  0   5888  0   5889  0   5890  0
  5891  0   5892  0   5893  0   5894  0   5895  0
  5896  0   5897  0   5898  0   5899  0   5900  0
  5901  0   5902  0   5903  0   5904  0   5905  0
  5906  0   5907  0   5908  0   5909  0   5910  0
  5911  0   5912  0   5913  0   5914  0   5915  0
  5916  0   5917  0   5918  0   5919  0   5920  0
  5921  0   5922  0   5923  0   5924  0   5925  0
  5926  0   5927  0   5928  0   5929  0   5930  0
  5931  7   5932  7   5933  7   5934  7   5935  7
  5936  7   5937  7   5938  7   5939  7   5940  7
  5941  7   5942  7   5943  7   5944  7   5945  7
  5946  7   5947  7   5948  7   5949  7   5950  7
  5951  7   5952  7   5953  7   5954  7   5955  7
  5956  7   5957  7   5958  7   5959  7   5960  7
  5961  7   5962  7   5963  7   5964  7   5965  7
  5966  7   5967  7   5968  7   5969  7   5970  7
  5971  7   5972  7   5973  7   5974  7   5975  7
  5976  7   5977  7   5978  7   5979  7   5980  7
  5981  7   5982  7   5983  7   5984  7   5985  7
  5986  7   5987  7   5988  7   5989  7   5990  7
  5991  7   5992  7   5993  7   5994  7   5995  7
  5996  7   5997  7   5998  7   5999  7   6000  7
  6001  7   6002  7   6003  7   6004  7   6005  7
  6006  7   6007  7   6008  7   6009  7   6010  7
  6011  7   6012  7   6013  7   6014  7   6015  7
  6016  7   6017  7   6018  7   6019  7   6020  7
  6021  7   6022  7   6023  7   6024  7   6025  7
  6026  7   6027  7   6028  7   6029  7   6030  7
  6031  7   6032  7   6033  7   6034  7   6035  7
  6036  7   6037  7   6038  7   6039  7   6040  7
  6041  7   6042  7   6043  7   6044  7   6045  7
  6046  7   6047  7   6048  7   6049  7   6050  7
  6051  7   6052  7   6053  7   6054  7   6055  7
  6056  7   6057  7   6058  7   6059  7   6060  7
  6061  7   6062  7   6063  7   6064  7   6065  7
  6066  7   6067  7   6068  7   6069  7   6070  7
  6071  7   6072  7   6073  7   6074  7   6075  7
  6076  7   6077  7   6078  7   6079  7   6080  7
  6081  7   6082  7   6083  7   6084  7   6085  7
  6086  7   6087  7   6088  7   6089  7   6090  7
  6091  7   6092  7   6093  7   6094  7   6095  7
  6096  7   6097  7   6098  7   6099  7   6100  7
  6101  7   6102  7   6103  7   6104  7   6105  7
  6106  7   6107  7   6108  7   6109  7   6110  7
  6111  7   6112  7   6113  7   6114  7   6115  7
  6116  7   6117  7   6118  7   6119  7   6120  7
  6121  7   6122  7   6123  7   6124  7   6125  7
  6126  7   6127  7   6128  7   6129  7   6130  7
  6131  7   6132  7   6133  7   6134  7   6135  7
  6136  7   6137  7   6138  7   6139  7   6140  7
  6141  7   6142  7   6143  7   6144  7   6145  7
  6146  7   6147  7   6148  7   6149  7   6150  7
  6151  7   6152  7   6153  7   6154  7   6155  7
  6156  7   6157  7   6158  7   6159  7   6160  7
  6161  7   6162  7   6163  7   6164  7   6165  7
  6166  7   6167  7   6168  7   6169  7   6170  7
  6171  7   6172  7   6173  7   6174  7   6175  7
  6176  7   6177  7   6178  0   6179  0   6180  7
  6181  7   6182  7   6183  7   6184  7   6185  7
  6186  7   6187  7   6188  0   6189  0   6190  7
  6191  7   6192  7   6193  7   6194  7   6195  0
  6196  0   6197  0   6198  0   6199  0   6200  7
  6201  7   6202  0   6203  0   6204  0   6205  0
  6206  7   6207  7   6208  7   6209  7   6210  0
  6211  7   6212  7   6213  7   6214  7   6215  7
  6216  7   6217  7   6218  7   6219  7   6220  7
  6221  7   6222  7   6223  7   6224  7   6225  7
  6226  7   6227  7   6228  7   6229  7   6230  7
  6231  7   6232  7   6233  7   6234  7   6235  7
  6236  7   6237  7   6238  7   6239  7   6240  7
  6241  7   6242  7   6243  7   6244  7   6245  7
  6246  7   6247  7   6248  7   6249  7   6250  7
  6251  7   6252  7   6253  7   6254  7   6255  7
  6256  7   6257  7   6258  7   6259  7   6260  7
  6261  7   6262  7   6263  7   6264  7   6265  7
  6266  7   6267  7   6268  7   6269  7   6270  7
  6271  7   6272  7   6273  7   6274  7   6275  7
  6276  7   6277  7   6278  7   6279  7   6280  7
  6281  7   6282  7   6283  7   6284  7   6285  7
  6286  7   6287  7   6288  7   6289  7   6290  7
  6291  7   6292  7   6293  7   6294  7   6295  7
  6296  7   6297  7   6298  7   6299  7   6300  7
  6301  7   6302  7   6303  7   6304  7   6305  7
  6306  7   6307  7   6308  7   6309  7   6310  7
  6311  7   6312  7   6313  7   6314  7   6315  7
  6316  7   6317  7   6318  7   6319  7   6320  7
  6321  7   6322  7   6323  7   6324  7   6325  7
  6326  7   6327  7   6328  7   6329  7   6330  7
  6331  7   6332  7   6333  7   6334  7   6335  7
  6336  7   6337  7   6338  7   6339  7   6340  7
  6341  7   6342  7   6343  7   6344  7   6345  7
  6346  7   6347  7   6348  7   6349  7   6350  7
  6351  7   6352  7   6353  7   6354  7   6355  7
  6356  7   6357  7   6358  7   6359  7   6360  7
  6361  7   6362  7   6363  7   6364  7   6365  7
  6366  7   6367  7   6368  7   6369  7   6370  7
  6371  7   6372  7   6373  7   6374  7   6375  7
  6376  7   6377  7   6378  7   6379  7   6380  7
  6381  7   6382  7   6383  7   6384  7   6385  7
  6386  7   6387  7   6388  7   6389  7   6390  7
  6391  7   6392  7   6393  7   6394  7   6395  7
  6396  7   6397  7   6398  7   6399  7   6400  7
  6401  7   6402  7   6403  7   6404  7   6405  7
  6406  7   6407  7   6408  7   6409  7   6410  7
  6411  7   6412  7   6413  7   6414  7   6415  7
  6416  7   6417  7   6418  7   6419  7   6420  7
  6421  7   6422  7   6423  7   6424  7   6425  7
  6426  7   6427  7   6428  7   6429  7   6430  7
  6431  7   6432  7   6433  7   6434  7   6435  7
  6436  7   6437  7   6438  7   6439  7   6440  7
  6441  7   6442  7   6443  7   6444  7   6445  7
  6446  7   6447  7   6448  7   6449  7   6450  7
  6451  7   6452  0   6453  7   6454  7   6455  7
  6456  7   6457  7   6458  0   6459  0   6460  0
  6461  7   6462  7   6463  7   6464  7   6465  7
  6466  7   6467  7   6468  0   6469  0   6470  0
  6471  0   6472  0   6473  0   6474  0   6475  0
  6476  0   6477  0   6478  0   6479  0   6480  7
  6481  7   6482  0   6483  0   6484  0   6485  0
  6486  7   6487  7   6488  7   6489  7   6490  0
  6491  8   6492  8   6493  8   6494  8   6495  8
  6496  8   6497  8   6498  8   6499  8   6500  8
  6501  8   6502  8   6503  8   6504  8   6505  8
  6506  8   6507  8   6508  8   6509  8   6510  8
  6511  8   6512  8   6513  8   6514  8   6515  8
  6516  8   6517  8   6518  8   6519  8   6520  8
  6521  8   6522  8   6523  8   6524  8   6525  8
  6526  8   6527  8   6528  8   6529  8   6530  8
  6531  8   6532  8   6533  8   6534  8   6535  8
  6536  8   6537  8   6538  8   6539  8   6540  8
  6541  8   6542  8   6543  8   6544  8   6545  8
  6546  8   6547  8   6548  8   6549  8   6550  8
  6551  8   6552  8   6553  8   6554  8   6555  8
  6556  8   6557  8   6558  8   6559  8   6560  8
  6561  8   6562  8   6563  8   6564  8   6565  8
  6566  8   6567  8   6568  8   6569  8   6570  8
  6571  8   6572  8   6573  8   6574  8   6575  8
  6576  8   6577  8   6578  8   6579  8   6580  8
  6581  8   6582  8   6583  8   6584  8   6585  8
  6586  8   6587  8   6588  8   6589  8   6590  8
  6591  8   6592  8   6593  8   6594  8   6595  8
  6596  8   6597  8   6598  8   6599  8   6600  8
  6601  8   6602  8   6603  8   6604  8   6605  8
  6606  8   6607  8   6608  8   6609  8   6610  8
  6611  8   6612  8   6613  8   6614  8   6615  8
  6616  8   6617  8   6618  8   6619  8   6620  8
  6621  8   6622  8   6623  8   6624  8   6625  8
  6626  8   6627  8   6628  8   6629  8   6630  8
  6631  8   6632  8   6633  8   6634  8   6635  8
  6636  8   6637  8   6638  8   6639  8   6640  8
  6641  8   6642  8   6643  8   6644  8   6645  8
  6646  8   6647  8   6648  8   6649  8   6650  8
  6651  8   6652  8   6653  8   6654  8   6655  8
  6656  8   6657  8   6658  8   6659  8   6660  8
  6661  8   6662  8   6663  8   6664  8   6665  8
  6666  8   6667  8   6668  8   6669  8   6670  8
  6671  8   6672  8   6673  8   6674  8   6675  8
  6676  8   6677  8   6678  8   6679  8   6680  8
  6681  8   6682  8   6683  8   6684  8   6685  8
  6686  8   6687  8   6688  8   6689  8   6690  8
  6691  8   6692  8   6693  8   6694  8   6695  8
  6696  8   6697  8   6698  8   6699  8   6700  8
  6701  8   6702  8   6703  8   6704  8   6705  8
  6706  8   6707  8   6708  8   6709  8   6710  8
  6711  8   6712  8   6713  8   6714  8   6715  8
  6716  8   6717  8   6718  8   6719  8   6720  8
  6721  8   6722  8   6723  8   6724  8   6725  8
  6726  8   6727  8   6728  8   6729  8   6730  8
  6731  8   6732  8   6733  8   6734  8   6735  8
  6736  8   6737  8   6738  8   6739  8   6740  8
  6741  8   6742  8   6743  8   6744  8   6745  8
  6746  8   6747  8   6748  8   6749  8   6750  8
  6751  8   6752  8   6753  8   6754  8   6755  8
  6756  8   6757  8   6758  8   6759  8   6760  8
  6761  8   6762  8   6763  8   6764  8   6765  8
  6766  8   6767  8   6768  8   6769  8   6770  8
  6771  8   6772  8   6773  8   6774  8   6775  8
  6776  8   6777  8   6778  8   6779  8   6780  8
  6781  8   6782  8   6783  8   6784  8   6785  8
  6786  8   6787  8   6788  8   6789  8   6790  8
  6791  8   6792  8   6793  8   6794  8   6795  8
  6796  8   6797  8   6798  8   6799  8   6800  8
  6801  8   6802  8   6803  8   6804  8   6805  8
  6806  8   6807  8   6808  8   6809  8   6810  8
  6811  0   6812  0   6813  0   6814  0   6815  0
  6816  0   6817  0   6818  0   6819  0   6820  0
  6821  0   6822  0   6823  0   6824  8   6825  8
  6826  8   6827  8   6828  8   6829  8   6830  8
  6831  8   6832  8   6833  8   6834  8   6835  8
  6836  8   6837  8   6838  8   6839  8   6840  8
  6841  8   6842  8   6843  8   6844  8   6845  8
  6846  8   6847  8   6848  8   6849  8   6850  8
  6851  8   6852  8   6853  8   6854  8   6855  8
  6856  8   6857  8   6858  8   6859  8   6860  8
  6861  8   6862  8   6863  8   6864  8   6865  8
  6866  8   6867  8   6868  8   6869  8   6870  8
  6871  8   6872  8   6873  8   6874  8   6875  8
  6876  8   6877  8   6878  8   6879  8   6880  8
  6881  8   6882  8   6883  8   6884  8   6885  8
  6886  8   6887  8   6888  8   6889  8   6890  8
  6891  8   6892  8   6893  8   6894  8   6895  8
  6896  8   6897  8   6898  8   6899  8   6900  8
  6901  8   6902  8   6903  8   6904  8   6905  8
  6906  8   6907  8   6908  8   6909  8   6910  8
  6911  8   6912  8   6913  8   6914  8   6915  8
  6916  8   6917  8   6918  8   6919  8   6920  8
  6921  8   6922  8   6923  8   6924  8   6925  8
  6926  8   6927  8   6928  8   6929  8   6930  8
  6931  8   6932  8   6933  8   6934  8   6935  8
  6936  8   6937  8   6938  8   6939  8   6940  8
  6941  8   6942  8   6943  8   6944  8   6945  8
  6946  8   6947  8   6948  8   6949  8   6950  8
  6951  8   6952  8   6953  8   6954  8   6955  8
  6956  8   6957  8   6958  8   6959  8   6960  8
  6961  8   6962  8   6963  8   6964  8   6965  8
  6966  8   6967  8   6968  8   6969  8   6970  8
  6971  8   6972  8   6973  8   6974  8   6975  8
  6976  8   6977  8   6978  8   6979  8   6980  8
  6981  8   6982  8   6983  8   6984  8   6985  8
  6986  8   6987  8   6988  8   6989  8   6990  8
  6991  8   6992  8   6993  8   6994  8   6995  8
  6996  8   6997  8   6998  8   6999  8   7000  8
  7001  8   7002  8   7003  8   7004  8   7005  8
  7006  8   7007  8   7008  8   7009  8   7010  8
  7011  8   7012  8   7013  8   7014  8   7015  8
  7016  8   7017  8   7018  8   7019  8   7020  8
  7021  8   7022  8   7023  8   7024  8   7025  8
  7026  8   7027  8   7028  8   7029  8   7030  8
  7031  8   7032  8   7033  8   7034  8   7035  8
  7036  8   7037  8   7038  8   7039  8   7040  8
  7041  8   7042  8   7043  8   7044  8   7045  8
  7046  8   7047  8   7048  8   7049  8   7050  8
  7051  8   7052  8   7053  8   7054  8   7055  8
  7056  8   7057  8   7058  8   7059  8   7060  8
  7061  8   7062  8   7063  8   7064  8   7065  8
  7066  8   7067  8   7068  8   7069  8   7070  8
  7071  8   7072  8   7073  8   7074  8   7075  8
  7076  8   7077  8   7078  8   7079  8   7080  8
  7081  8   7082  8   7083  8   7084  8   7085  8
  7086  8   7087  8   7088  8   7089  8   7090  8
  7091  8   7092  8   7093  8   7094  8   7095  8
  7096  8   7097  8   7098  8   7099  8   7100  8
  7101  8   7102  8   7103  8   7104  8   7105  8
  7106  8   7107  8   7108  8   7109  8   7110  8
  7111  8   7112  8   7113  8   7114  8   7115  8
  7116  8   7117  8   7118  8   7119  8   7120  8
  7121  8   7122  8   7123  8   7124  8   7125  8
  7126  8   7127  8   7128  8   7129  8   7130  8
  7131  8   7132  8   7133  8   7134  8   7135  8
  7136  8   7137  8   7138  8   7139  8   7140  8
  7141  8   7142  8   7143  8   7144  8   7145  8
  7146  8   7147  8   7148  8   7149  8   7150  8
  7151  8   7152  8   7153  8   7154  8   7155  8
  7156  8   7157  8   7158  8   7159  8   7160  8
  7161  8   7162  8   7163  8   7164  8   7165  8
  7166  8   7167  8   7168  8   7169  8   7170  8
  7171  8   7172  8   7173  8   7174  8   7175  8
  7176  8   7177  8   7178  8   7179  8   7180  8
  7181  8   7182  8   7183  8   7184  8   7185  8
  7186  8   7187  8   7188  8   7189  8   7190  8
  7191  8   7192  8   7193  8   7194  8   7195  8
  7196  8   7197  8   7198  8   7199  8   7200  8
  7201  8   7202  8   7203  8   7204  8   7205  8
  7206  8   7207  8   7208  8   7209  8   7210  8
  7211  8   7212  8   7213  8   7214  8   7215  8
  7216  8   7217  8   7218  8   7219  8   7220  8
  7221  8   7222  8   7223  8   7224  8   7225  8
  7226  8   7227  8   7228  8   7229  8   7230  8
  7231  8   7232  8   7233  8   7234  8   7235  8
  7236  8   7237  8   7238  8   7239  8   7240  8
  7241  8   7242  8   7243  8   7244  8   7245  8
  7246  8   7247  8   7248  8   7249  8   7250  8
  7251  8   7252  8   7253  8   7254  8   7255  8
  7256  8   7257  8   7258  8   7259  8   7260  8
  7261  8   7262  8   7263  8   7264  8   7265  8
  7266  8   7267  8   7268  8   7269  8   7270  8
  7271  8   7272  8   7273  8   7274  8   7275  8
  7276  8   7277  8   7278  8   7279  8   7280  8
  7281  8   7282  8   7283  8   7284  8   7285  8
  7286  8   7287  8   7288  8   7289  8   7290  8
