  Group flight paths:- 
  0.552607E+01  0.552624E+01  0.552645E+01  0.552671E+01  0.552699E+01
  0.552732E+01  0.552770E+01  0.552811E+01  0.552857E+01  0.552906E+01
  0.552960E+01  0.507792E+01  0.489745E+01  0.460147E+01  0.444150E+01
  0.382659E+01  0.366766E+01  0.302910E+01  0.287047E+01  0.216100E+01
  0.200303E+01  0.174949E+01  0.159256E+01  0.129971E+01  0.116079E+01
  Group scattering angles:- 
  0.573399E+00  0.725733E+00  0.878830E+00  0.103883E+01  0.119274E+01
  0.134817E+01  0.150285E+01  0.165824E+01  0.181361E+01  0.196896E+01
  0.212428E+01  0.391001E+01  0.486456E+01  0.638831E+01  0.739759E+01
  0.957834E+01  0.108695E+02  0.124080E+02  0.140284E+02  0.188687E+02
  0.212031E+02  0.247757E+02  0.276658E+02  0.323923E+02  0.378487E+02
  Group azimuthal angles:- 
  0.900000E+02  0.900000E+02  0.815210E+02  0.851809E+02  0.882432E+02
  0.882432E+02  0.886346E+02  0.882432E+02  0.861429E+02  0.877583E+02
  0.886346E+02  0.901014E+02  0.917650E+02  0.926598E+02  0.932702E+02
  0.899917E+02  0.899917E+02  0.893907E+02  0.899917E+02  0.913133E+02
  0.899917E+02  0.899917E+02  0.921134E+02  0.896319E+02  0.896319E+02
  Group number of each spectrum:-
     1  0      2  0      3  0      4  0      5  0
     6  0      7  0      8  0      9  0     10 11
    11 11     12 11     13 10     14 10     15 10
    16  9     17  9     18  9     19  8     20  8
    21  8     22  7     23  7     24  7     25  6
    26  6     27  6     28  5     29  5     30  5
    31  4     32  4     33  4     34  3     35  3
    36  3     37  2     38  2     39  2     40  1
    41  1     42  1     43 11     44 11     45 11
    46 10     47 10     48 10     49  9     50  9
    51  9     52  8     53  8     54  8     55  7
    56  7     57  7     58  6     59  6     60  6
    61  5     62  5     63  5     64  4     65  4
    66  4     67  3     68  3     69  3     70  2
    71  2     72  2     73  1     74  1     75  1
    76 11     77 11     78 11     79 10     80 10
    81 10     82  9     83  9     84  9     85  8
    86  8     87  8     88  7     89  7     90  7
    91  6     92  6     93  6     94  5     95  5
    96  5     97  4     98  4     99  4    100  3
   101  3    102  3    103  2    104  2    105  2
   106  1    107  1    108  1    109 11    110 11
   111 11    112 10    113 10    114 10    115  9
   116  9    117  9    118  8    119  8    120  8
   121  7    122  7    123  7    124  6    125  6
   126  6    127  5    128  5    129  5    130  4
   131  4    132  4    133  3    134  3    135  3
   136  2    137  2    138  2    139  1    140  1
   141  1    142 11    143 11    144 11    145 10
   146 10    147 10    148  9    149  9    150  9
   151  8    152  8    153  8    154  7    155  7
   156  7    157  6    158  6    159  6    160  5
   161  5    162  5    163  4    164  4    165  4
   166  3    167  3    168  3    169  2    170  2
   171  2    172  1    173  1    174  1    175 11
   176 11    177 11    178 10    179 10    180 10
   181  9    182  9    183  9    184  8    185  8
   186  8    187  7    188  7    189  7    190  6
   191  6    192  6    193  5    194  5    195  5
   196  4    197  4    198  4    199  3    200  3
   201  3    202  2    203  2    204  2    205  1
   206  1    207  1    208 11    209 11    210 11
   211 10    212 10    213 10    214  9    215  9
   216  9    217  8    218  8    219  8    220  7
   221  7    222  7    223  6    224  6    225  6
   226  5    227  5    228  5    229  4    230  4
   231  4    232  3    233  3    234  3    235  2
   236  2    237  2    238  1    239  1    240  1
   241 11    242 11    243 11    244 10    245 10
   246 10    247  9    248  9    249  9    250  8
   251  8    252  8    253  7    254  7    255  7
   256  6    257  6    258  6    259  5    260  5
   261  5    262  4    263  4    264  4    265  3
   266  3    267  3    268  2    269  2    270  2
   271  1    272  1    273  1    274 11    275 11
   276 11    277 10    278 10    279 10    280  9
   281  9    282  9    283  8    284  8    285  8
   286  7    287  7    288  7    289  6    290  6
   291  6    292  5    293  5    294  5    295  4
   296  4    297  4    298  3    299  3    300  3
   301  2    302  2    303  2    304  1    305  1
   306  1    307 11    308 11    309 11    310 10
   311 10    312 10    313  9    314  9    315  9
   316  8    317  8    318  8    319  7    320  7
   321  7    322  6    323  6    324  6    325  5
   326  5    327  5    328  4    329  4    330  4
   331  3    332  3    333  3    334  2    335  2
   336  2    337  1    338  1    339  1    340 11
   341 11    342 11    343 10    344 10    345 10
   346  9    347  9    348  9    349  8    350  8
   351  8    352  7    353  7    354  7    355  6
   356  6    357  6    358  5    359  5    360  5
   361  4    362  4    363  4    364  3    365  3
   366  3    367  2    368  2    369  2    370  1
   371  1    372  1    373 11    374 11    375 11
   376 10    377 10    378 10    379  9    380  9
   381  9    382  8    383  8    384  8    385  7
   386  7    387  7    388  6    389  6    390  6
   391  5    392  5    393  5    394  4    395  4
   396  4    397  3    398  3    399  3    400  2
   401  2    402  2    403  1    404  1    405  1
   406 11    407 11    408 11    409 10    410 10
   411 10    412  9    413  9    414  9    415  8
   416  8    417  8    418  7    419  7    420  7
   421  6    422  6    423  6    424  5    425  5
   426  5    427  4    428  4    429  4    430  3
   431  3    432  3    433  2    434  2    435  2
   436  1    437  1    438  1    439 11    440 11
   441 11    442 10    443 10    444 10    445  9
   446  9    447  9    448  8    449  8    450  8
   451  7    452  7    453  7    454  6    455  6
   456  6    457  5    458  5    459  5    460  4
   461  4    462  4    463  3    464  3    465  3
   466  2    467  2    468  2    469  1    470  1
   471  1    472 11    473 11    474 11    475 10
   476 10    477 10    478  9    479  9    480  9
   481  8    482  8    483  8    484  7    485  7
   486  7    487  6    488  6    489  6    490  5
   491  5    492  5    493  4    494  4    495  4
   496  3    497  3    498  3    499  2    500  2
   501  2    502  1    503  1    504  1    505 11
   506 11    507 11    508 10    509 10    510 10
   511  9    512  9    513  9    514  8    515  8
   516  8    517  7    518  7    519  7    520  6
   521  6    522  6    523  5    524  5    525  5
   526  4    527  4    528  4    529  3    530  3
   531  3    532  2    533  2    534  2    535  1
   536  1    537  1    538 11    539 11    540 11
   541 10    542 10    543 10    544  9    545  9
   546  9    547  8    548  8    549  8    550  7
   551  7    552  7    553  6    554  6    555  6
   556  5    557  5    558  5    559  4    560  4
   561  4    562  3    563  3    564  3    565  2
   566  2    567  2    568  1    569  1    570  1
   571 11    572 11    573 11    574 10    575 10
   576 10    577  9    578  9    579  9    580  8
   581  8    582  8    583  7    584  7    585  7
   586  6    587  6    588  6    589  5    590  5
   591  5    592  4    593  4    594  4    595  3
   596  3    597  3    598  2    599  2    600  2
   601  1    602  1    603  1    604 11    605 11
   606 11    607 10    608 10    609 10    610  9
   611  9    612  9    613  8    614  8    615  8
   616  7    617  7    618  7    619  6    620  6
   621  6    622  5    623  5    624  5    625  4
   626  4    627  4    628  3    629  3    630  3
   631  2    632  2    633  2    634  1    635  1
   636  1    637 11    638 11    639 11    640 10
   641 10    642 10    643  9    644  9    645  9
   646  8    647  8    648  8    649  7    650  7
   651  7    652  6    653  6    654  6    655  5
   656  5    657  5    658  4    659  4    660  4
   661  3    662  3    663  3    664  2    665  2
   666  2    667  1    668  1    669  1    670 11
   671 11    672 11    673 10    674 10    675 10
   676  9    677  9    678  9    679  8    680  8
   681  8    682  7    683  7    684  7    685  6
   686  6    687  6    688  5    689  5    690  5
   691  4    692  4    693  4    694  3    695  3
   696  3    697  2    698  2    699  2    700  1
   701  1    702  1    703 11    704 11    705 11
   706 10    707 10    708 10    709  9    710  9
   711  9    712  8    713  8    714  8    715  7
   716  7    717  7    718  6    719  6    720  6
   721  5    722  5    723  5    724  4    725  4
   726  4    727  3    728  3    729  3    730  2
   731  2    732  2    733  1    734  1    735  1
   736 11    737 11    738 11    739 10    740 10
   741 10    742  9    743  9    744  9    745  8
   746  8    747  8    748  7    749  7    750  7
   751  6    752  6    753  6    754  5    755  5
   756  5    757  4    758  4    759  4    760  3
   761  3    762  3    763  2    764  2    765  2
   766  1    767  1    768  1    769 11    770 11
   771 11    772 10    773 10    774 10    775  9
   776  9    777  9    778  8    779  8    780  8
   781  7    782  7    783  7    784  6    785  6
   786  6    787  5    788  5    789  5    790  4
   791  4    792  4    793  3    794  3    795  3
   796  2    797  2    798  2    799  1    800  1
   801  1    802 13    803 13    804 13    805 13
   806 13    807 13    808 13    809 13    810 13
   811 13    812 12    813 12    814 12    815 12
   816 12    817 12    818 12    819 12    820 12
   821 12    822 13    823 13    824 13    825 13
   826 13    827 13    828 13    829 13    830 13
   831 13    832 12    833 12    834 12    835 12
   836 12    837 12    838 12    839 12    840 12
   841 12    842 13    843 13    844 13    845 13
   846 13    847 13    848 13    849 13    850 13
   851 13    852 12    853 12    854 12    855 12
   856 12    857 12    858 12    859 12    860 12
   861 12    862 13    863 13    864 13    865 13
   866 13    867 13    868 13    869 13    870 13
   871 13    872 12    873 12    874 12    875 12
   876 12    877 12    878 12    879 12    880 12
   881 12    882 13    883 13    884 13    885 13
   886 13    887 13    888 13    889 13    890 13
   891 13    892 12    893 12    894 12    895 12
   896 12    897 12    898 12    899 12    900 12
   901 12    902 13    903 13    904 13    905 13
   906 13    907 13    908 13    909 13    910 13
   911 13    912 12    913 12    914 12    915 12
   916 12    917 12    918 12    919 12    920 12
   921 12    922 15    923 15    924 15    925 15
   926 15    927 15    928 15    929 15    930 15
   931 14    932 14    933 14    934 14    935 14
   936 14    937 14    938 14    939 14    940 15
   941 15    942 15    943 15    944 15    945 15
   946 15    947 15    948 15    949 14    950 14
   951 14    952 14    953 14    954 14    955 14
   956 14    957 14    958 15    959 15    960 15
   961 15    962 15    963 15    964 15    965 15
   966 15    967 14    968 14    969 14    970 14
   971 14    972 14    973 14    974 14    975 14
   976 15    977 15    978 15    979 15    980 15
   981 15    982 15    983 15    984 15    985 14
   986 14    987 14    988 14    989 14    990 14
   991 14    992 14    993 14    994 15    995 15
   996 15    997 15    998 15    999 15   1000 15
  1001 15   1002 15   1003 14   1004 14   1005 14
  1006 14   1007 14   1008 14   1009 14   1010 14
  1011 14   1012 15   1013 15   1014 15   1015 15
  1016 15   1017 15   1018 15   1019 15   1020 15
  1021 14   1022 14   1023 14   1024 14   1025 14
  1026 14   1027 14   1028 14   1029 14   1030 17
  1031 17   1032 17   1033 17   1034 17   1035 17
  1036 17   1037 17   1038 17   1039 16   1040 16
  1041 16   1042 16   1043 16   1044 16   1045 16
  1046 16   1047 16   1048 17   1049 17   1050 17
  1051 17   1052 17   1053 17   1054 17   1055 17
  1056 17   1057 16   1058 16   1059 16   1060 16
  1061 16   1062 16   1063 16   1064 16   1065 16
  1066 17   1067 17   1068 17   1069 17   1070 17
  1071 17   1072 17   1073 17   1074 17   1075 16
  1076 16   1077 16   1078 16   1079 16   1080 16
  1081 16   1082 16   1083 16   1084 17   1085 17
  1086 17   1087 17   1088 17   1089 17   1090 17
  1091 17   1092 17   1093 16   1094 16   1095 16
  1096 16   1097 16   1098 16   1099 16   1100 16
  1101 16   1102 17   1103 17   1104 17   1105 17
  1106 17   1107 17   1108 17   1109 17   1110 17
  1111 16   1112 16   1113 16   1114 16   1115 16
  1116 16   1117 16   1118 16   1119 16   1120 17
  1121 17   1122 17   1123 17   1124 17   1125 17
  1126 17   1127 17   1128 17   1129 16   1130 16
  1131 16   1132 16   1133 16   1134 16   1135 16
  1136 16   1137 16   1138 19   1139 19   1140 19
  1141 19   1142 19   1143 19   1144 19   1145 19
  1146 19   1147 18   1148 18   1149 18   1150 18
  1151 18   1152 18   1153 18   1154 18   1155 18
  1156 19   1157 19   1158 19   1159 19   1160 19
  1161 19   1162 19   1163 19   1164 19   1165 18
  1166 18   1167 18   1168 18   1169 18   1170 18
  1171 18   1172 18   1173 18   1174 19   1175 19
  1176 19   1177 19   1178 19   1179 19   1180 19
  1181 19   1182 19   1183 18   1184 18   1185 18
  1186 18   1187 18   1188 18   1189 18   1190 18
  1191 18   1192 19   1193 19   1194 19   1195 19
  1196 19   1197 19   1198 19   1199 19   1200 19
  1201 18   1202 18   1203 18   1204 18   1205 18
  1206 18   1207 18   1208 18   1209 18   1210 19
  1211 19   1212 19   1213 19   1214 19   1215 19
  1216 19   1217 19   1218 19   1219 18   1220 18
  1221 18   1222 18   1223 18   1224 18   1225 18
  1226 18   1227 18   1228 19   1229 19   1230 19
  1231 19   1232 19   1233 19   1234 19   1235 19
  1236 19   1237 18   1238 18   1239 18   1240 18
  1241 18   1242 18   1243 18   1244 18   1245 18
  1246 21   1247 21   1248 21   1249 21   1250 21
  1251 21   1252 21   1253 21   1254 21   1255 20
  1256 20   1257 20   1258 20   1259 20   1260 20
  1261 20   1262 20   1263 20   1264 21   1265 21
  1266 21   1267 21   1268 21   1269 21   1270 21
  1271 21   1272 21   1273 20   1274 20   1275 20
  1276 20   1277 20   1278 20   1279 20   1280 20
  1281 20   1282 21   1283 21   1284 21   1285 21
  1286 21   1287 21   1288 21   1289 21   1290 21
  1291 20   1292 20   1293 20   1294 20   1295 20
  1296 20   1297 20   1298 20   1299 20   1300 21
  1301 21   1302 21   1303 21   1304 21   1305 21
  1306 21   1307 21   1308 21   1309 20   1310 20
  1311 20   1312 20   1313 20   1314 20   1315 20
  1316 20   1317 20   1318 21   1319 21   1320 21
  1321 21   1322 21   1323 21   1324 21   1325 21
  1326 21   1327 20   1328 20   1329 20   1330 20
  1331 20   1332 20   1333 20   1334 20   1335 20
  1336 21   1337 21   1338 21   1339 21   1340 21
  1341 21   1342 21   1343 21   1344 21   1345 20
  1346 20   1347 20   1348 20   1349 20   1350 20
  1351 20   1352 20   1353 20   1354 23   1355 23
  1356 23   1357 23   1358 23   1359 23   1360 23
  1361 23   1362 23   1363 22   1364 22   1365 22
  1366 22   1367 22   1368 22   1369 22   1370 22
  1371 22   1372 23   1373 23   1374 23   1375 23
  1376 23   1377 23   1378 23   1379 23   1380 23
  1381 22   1382 22   1383 22   1384 22   1385 22
  1386 22   1387 22   1388 22   1389 22   1390 23
  1391 23   1392 23   1393 23   1394 23   1395 23
  1396 23   1397 23   1398 23   1399 22   1400 22
  1401 22   1402 22   1403 22   1404 22   1405 22
  1406 22   1407 22   1408 23   1409 23   1410 23
  1411 23   1412 23   1413 23   1414 23   1415 23
  1416 23   1417 22   1418 22   1419 22   1420 22
  1421 22   1422 22   1423 22   1424 22   1425 22
  1426 23   1427 23   1428 23   1429 23   1430 23
  1431 23   1432 23   1433 23   1434 23   1435 22
  1436 22   1437 22   1438 22   1439 22   1440 22
  1441 22   1442 22   1443 22   1444 23   1445 23
  1446 23   1447 23   1448 23   1449 23   1450 23
  1451 23   1452 23   1453 22   1454 22   1455 22
  1456 22   1457 22   1458 22   1459 22   1460 22
  1461 22   1462 25   1463 25   1464 25   1465 25
  1466 25   1467 25   1468 25   1469 25   1470 25
  1471 24   1472 24   1473 24   1474 24   1475 24
  1476 24   1477 24   1478 24   1479 24   1480 25
  1481 25   1482 25   1483 25   1484 25   1485 25
  1486 25   1487 25   1488 25   1489 24   1490 24
  1491 24   1492 24   1493 24   1494 24   1495 24
  1496 24   1497 24   1498 25   1499 25   1500 25
  1501 25   1502 25   1503 25   1504 25   1505 25
  1506 25   1507 24   1508 24   1509 24   1510 24
  1511 24   1512 24   1513 24   1514 24   1515 24
  1516 25   1517 25   1518 25   1519 25   1520 25
  1521 25   1522 25   1523 25   1524 25   1525 24
  1526 24   1527 24   1528 24   1529 24   1530 24
  1531 24   1532 24   1533 24   1534 25   1535 25
  1536 25   1537 25   1538 25   1539 25   1540 25
  1541 25   1542 25   1543 24   1544 24   1545 24
  1546 24   1547 24   1548 24   1549 24   1550 24
  1551 24   1552 25   1553 25   1554 25   1555 25
  1556 25   1557 25   1558 25   1559 25   1560 25
  1561 24   1562 24   1563 24   1564 24   1565 24
  1566 24   1567 24   1568 24   1569 24   1570 13
  1571 13   1572 13   1573 13   1574 13   1575 13
  1576 13   1577 13   1578 13   1579 13   1580 12
  1581 12   1582 12   1583 12   1584 12   1585 12
  1586 12   1587 12   1588 12   1589 12   1590 13
  1591 13   1592 13   1593 13   1594 13   1595 13
  1596 13   1597 13   1598 13   1599 13   1600 12
  1601 12   1602 12   1603 12   1604 12   1605 12
  1606 12   1607 12   1608 12   1609 12   1610 13
  1611 13   1612 13   1613 13   1614 13   1615 13
  1616 13   1617 13   1618 13   1619 13   1620 12
  1621 12   1622 12   1623 12   1624 12   1625 12
  1626 12   1627 12   1628 12   1629 12   1630 13
  1631 13   1632 13   1633 13   1634 13   1635 13
  1636 13   1637 13   1638 13   1639 13   1640 12
  1641 12   1642 12   1643 12   1644 12   1645 12
  1646 12   1647 12   1648 12   1649 12   1650 13
  1651 13   1652 13   1653 13   1654 13   1655 13
  1656 13   1657 13   1658 13   1659 13   1660 12
  1661 12   1662 12   1663 12   1664 12   1665 12
  1666 12   1667 12   1668 12   1669 12   1670 13
  1671 13   1672 13   1673 13   1674 13   1675 13
  1676 13   1677 13   1678 13   1679 13   1680 12
  1681 12   1682 12   1683 12   1684 12   1685 12
  1686 12   1687 12   1688 12   1689 12   1690 15
  1691 15   1692 15   1693 15   1694 15   1695 15
  1696 15   1697 15   1698 15   1699 14   1700 14
  1701 14   1702 14   1703 14   1704 14   1705 14
  1706 14   1707 14   1708 15   1709 15   1710 15
  1711 15   1712 15   1713 15   1714 15   1715 15
  1716 15   1717 14   1718 14   1719 14   1720 14
  1721 14   1722 14   1723 14   1724 14   1725 14
  1726 15   1727 15   1728 15   1729 15   1730 15
  1731 15   1732 15   1733 15   1734 15   1735 14
  1736 14   1737 14   1738 14   1739 14   1740 14
  1741 14   1742 14   1743 14   1744 15   1745 15
  1746 15   1747 15   1748 15   1749 15   1750 15
  1751 15   1752 15   1753 14   1754 14   1755 14
  1756 14   1757 14   1758 14   1759 14   1760 14
  1761 14   1762 15   1763 15   1764 15   1765 15
  1766 15   1767 15   1768 15   1769 15   1770 15
  1771 14   1772 14   1773 14   1774 14   1775 14
  1776 14   1777 14   1778 14   1779 14   1780 15
  1781 15   1782 15   1783 15   1784 15   1785 15
  1786 15   1787 15   1788 15   1789 14   1790 14
  1791 14   1792 14   1793 14   1794 14   1795 14
  1796 14   1797 14   1798 17   1799 17   1800 17
  1801 17   1802 17   1803 17   1804 17   1805 17
  1806 17   1807 16   1808 16   1809 16   1810 16
  1811 16   1812 16   1813 16   1814 16   1815 16
  1816 17   1817 17   1818 17   1819 17   1820 17
  1821 17   1822 17   1823 17   1824 17   1825 16
  1826 16   1827 16   1828 16   1829 16   1830 16
  1831 16   1832 16   1833 16   1834 17   1835 17
  1836 17   1837 17   1838 17   1839 17   1840 17
  1841 17   1842 17   1843 16   1844 16   1845 16
  1846 16   1847 16   1848 16   1849 16   1850 16
  1851 16   1852 17   1853 17   1854 17   1855 17
  1856 17   1857 17   1858 17   1859 17   1860 17
  1861 16   1862 16   1863 16   1864 16   1865 16
  1866 16   1867 16   1868 16   1869 16   1870 17
  1871 17   1872 17   1873 17   1874 17   1875 17
  1876 17   1877 17   1878 17   1879 16   1880 16
  1881 16   1882 16   1883 16   1884 16   1885 16
  1886 16   1887 16   1888 17   1889 17   1890 17
  1891 17   1892 17   1893 17   1894 17   1895 17
  1896 17   1897 16   1898 16   1899 16   1900 16
  1901 16   1902 16   1903 16   1904 16   1905 16
  1906 19   1907 19   1908 19   1909 19   1910 19
  1911 19   1912 19   1913 19   1914 19   1915 18
  1916 18   1917 18   1918 18   1919 18   1920 18
  1921 18   1922 18   1923 18   1924 19   1925 19
  1926 19   1927 19   1928 19   1929 19   1930 19
  1931 19   1932 19   1933 18   1934 18   1935 18
  1936 18   1937 18   1938 18   1939 18   1940 18
  1941 18   1942 19   1943 19   1944 19   1945 19
  1946 19   1947 19   1948 19   1949 19   1950 19
  1951 18   1952 18   1953 18   1954 18   1955 18
  1956 18   1957 18   1958 18   1959 18   1960 19
  1961 19   1962 19   1963 19   1964 19   1965 19
  1966 19   1967 19   1968 19   1969 18   1970 18
  1971 18   1972 18   1973 18   1974 18   1975 18
  1976 18   1977 18   1978 19   1979 19   1980 19
  1981 19   1982 19   1983 19   1984 19   1985 19
  1986 19   1987 18   1988 18   1989 18   1990 18
  1991 18   1992 18   1993 18   1994 18   1995 18
  1996 19   1997 19   1998 19   1999 19   2000 19
  2001 19   2002 19   2003 19   2004 19   2005 18
  2006 18   2007 18   2008 18   2009 18   2010 18
  2011 18   2012 18   2013 18   2014 21   2015 21
  2016 21   2017 21   2018 21   2019 21   2020 21
  2021 21   2022 21   2023 20   2024 20   2025 20
  2026 20   2027 20   2028 20   2029 20   2030 20
  2031 20   2032 21   2033 21   2034 21   2035 21
  2036 21   2037 21   2038 21   2039 21   2040 21
  2041 20   2042 20   2043 20   2044 20   2045 20
  2046 20   2047 20   2048 20   2049 20   2050 21
  2051 21   2052 21   2053 21   2054 21   2055 21
  2056 21   2057 21   2058 21   2059 20   2060 20
  2061 20   2062 20   2063 20   2064 20   2065 20
  2066 20   2067 20   2068 21   2069 21   2070 21
  2071 21   2072 21   2073 21   2074 21   2075 21
  2076 21   2077 20   2078 20   2079 20   2080 20
  2081 20   2082 20   2083 20   2084 20   2085 20
  2086 21   2087 21   2088 21   2089 21   2090 21
  2091 21   2092 21   2093 21   2094 21   2095 20
  2096 20   2097 20   2098 20   2099 20   2100 20
  2101 20   2102 20   2103 20   2104 21   2105 21
  2106 21   2107 21   2108 21   2109 21   2110 21
  2111 21   2112 21   2113 20   2114 20   2115 20
  2116 20   2117 20   2118 20   2119 20   2120 20
  2121 20   2122 23   2123 23   2124 23   2125 23
  2126 23   2127 23   2128 23   2129 23   2130 23
  2131 22   2132 22   2133 22   2134 22   2135 22
  2136 22   2137 22   2138 22   2139 22   2140 23
  2141 23   2142 23   2143 23   2144 23   2145 23
  2146 23   2147 23   2148 23   2149 22   2150 22
  2151 22   2152 22   2153 22   2154 22   2155 22
  2156 22   2157 22   2158 23   2159 23   2160 23
  2161 23   2162 23   2163 23   2164 23   2165 23
  2166 23   2167 22   2168 22   2169 22   2170 22
  2171 22   2172 22   2173 22   2174 22   2175 22
  2176 23   2177 23   2178 23   2179 23   2180 23
  2181 23   2182 23   2183 23   2184 23   2185 22
  2186 22   2187 22   2188 22   2189 22   2190 22
  2191 22   2192 22   2193 22   2194 23   2195 23
  2196 23   2197 23   2198 23   2199 23   2200 23
  2201 23   2202 23   2203 22   2204 22   2205 22
  2206 22   2207 22   2208 22   2209 22   2210 22
  2211 22   2212 23   2213 23   2214 23   2215 23
  2216 23   2217 23   2218 23   2219 23   2220 23
  2221 22   2222 22   2223 22   2224 22   2225 22
  2226 22   2227 22   2228 22   2229 22   2230 25
  2231 25   2232 25   2233 25   2234 25   2235 25
  2236 25   2237 25   2238 25   2239 24   2240 24
  2241 24   2242 24   2243 24   2244 24   2245 24
  2246 24   2247 24   2248 25   2249 25   2250 25
  2251 25   2252 25   2253 25   2254 25   2255 25
  2256 25   2257 24   2258 24   2259 24   2260 24
  2261 24   2262 24   2263 24   2264 24   2265 24
  2266 25   2267 25   2268 25   2269 25   2270 25
  2271 25   2272 25   2273 25   2274 25   2275 24
  2276 24   2277 24   2278 24   2279 24   2280 24
  2281 24   2282 24   2283 24   2284 25   2285 25
  2286 25   2287 25   2288 25   2289 25   2290 25
  2291 25   2292 25   2293 24   2294 24   2295 24
  2296 24   2297 24   2298 24   2299 24   2300 24
  2301 24   2302 25   2303 25   2304 25   2305 25
  2306 25   2307 25   2308 25   2309 25   2310 25
  2311 24   2312 24   2313 24   2314 24   2315 24
  2316 24   2317 24   2318 24   2319 24   2320 25
  2321 25   2322 25   2323 25   2324 25   2325 25
  2326 25   2327 25   2328 25   2329 24   2330 24
  2331 24   2332 24   2333 24   2334 24   2335 24
  2336 24   2337 24
