C:\Users\user\aks45\Gudrun\Gudrun2014\RawData\SLS\SLS50875.raw                                                                                                                                                                                                  
  No. of time channels =          882
  No. of time channel boundaries =          883
  Time channel boundaries (musec) :- 
  0.100000E+03  0.100594E+03  0.101188E+03  0.101781E+03  0.102406E+03
  0.103031E+03  0.103656E+03  0.104281E+03  0.104906E+03  0.105531E+03
  0.106156E+03  0.106781E+03  0.107438E+03  0.108094E+03  0.108750E+03
  0.109406E+03  0.110062E+03  0.110719E+03  0.111375E+03  0.112031E+03
  0.112719E+03  0.113406E+03  0.114094E+03  0.114781E+03  0.115469E+03
  0.116156E+03  0.116844E+03  0.117531E+03  0.118250E+03  0.118969E+03
  0.119688E+03  0.120406E+03  0.121125E+03  0.121844E+03  0.122562E+03
  0.123312E+03  0.124062E+03  0.124812E+03  0.125562E+03  0.126312E+03
  0.127062E+03  0.127812E+03  0.128594E+03  0.129375E+03  0.130156E+03
  0.130938E+03  0.131719E+03  0.132500E+03  0.133281E+03  0.134094E+03
  0.134906E+03  0.135719E+03  0.136531E+03  0.137344E+03  0.138156E+03
  0.139000E+03  0.139844E+03  0.140688E+03  0.141531E+03  0.142375E+03
  0.143219E+03  0.144062E+03  0.144938E+03  0.145812E+03  0.146688E+03
  0.147562E+03  0.148438E+03  0.149344E+03  0.150250E+03  0.151156E+03
  0.152062E+03  0.152969E+03  0.153875E+03  0.154812E+03  0.155750E+03
  0.156688E+03  0.157625E+03  0.158562E+03  0.159500E+03  0.160469E+03
  0.161438E+03  0.162406E+03  0.163375E+03  0.164344E+03  0.165344E+03
  0.166344E+03  0.167344E+03  0.168344E+03  0.169344E+03  0.170375E+03
  0.171406E+03  0.172438E+03  0.173469E+03  0.174500E+03  0.175562E+03
  0.176625E+03  0.177688E+03  0.178750E+03  0.179812E+03  0.180906E+03
  0.182000E+03  0.183094E+03  0.184188E+03  0.185281E+03  0.186406E+03
  0.187531E+03  0.188656E+03  0.189781E+03  0.190906E+03  0.192062E+03
  0.193219E+03  0.194375E+03  0.195531E+03  0.196719E+03  0.197906E+03
  0.199094E+03  0.200281E+03  0.201469E+03  0.202688E+03  0.203906E+03
  0.205125E+03  0.206344E+03  0.207594E+03  0.208844E+03  0.210094E+03
  0.211344E+03  0.212625E+03  0.213906E+03  0.215188E+03  0.216469E+03
  0.217781E+03  0.219094E+03  0.220406E+03  0.221719E+03  0.223062E+03
  0.224406E+03  0.225750E+03  0.227094E+03  0.228469E+03  0.229844E+03
  0.231219E+03  0.232594E+03  0.234000E+03  0.235406E+03  0.236812E+03
  0.238219E+03  0.239656E+03  0.241094E+03  0.242531E+03  0.244000E+03
  0.245469E+03  0.246938E+03  0.248406E+03  0.249906E+03  0.251406E+03
  0.252906E+03  0.254438E+03  0.255969E+03  0.257500E+03  0.259031E+03
  0.260594E+03  0.262156E+03  0.263719E+03  0.265312E+03  0.266906E+03
  0.268500E+03  0.270125E+03  0.271750E+03  0.273375E+03  0.275000E+03
  0.276656E+03  0.278312E+03  0.279969E+03  0.281656E+03  0.283344E+03
  0.285031E+03  0.286750E+03  0.288469E+03  0.290188E+03  0.291938E+03
  0.293688E+03  0.295438E+03  0.297219E+03  0.299000E+03  0.300781E+03
  0.302594E+03  0.304406E+03  0.306219E+03  0.308062E+03  0.309906E+03
  0.311781E+03  0.313656E+03  0.315531E+03  0.317438E+03  0.319344E+03
  0.321250E+03  0.323188E+03  0.325125E+03  0.327062E+03  0.329031E+03
  0.331000E+03  0.333000E+03  0.335000E+03  0.337000E+03  0.339031E+03
  0.341062E+03  0.343094E+03  0.345156E+03  0.347219E+03  0.349312E+03
  0.351406E+03  0.353500E+03  0.355625E+03  0.357750E+03  0.359906E+03
  0.362062E+03  0.364250E+03  0.366438E+03  0.368625E+03  0.370844E+03
  0.373062E+03  0.375312E+03  0.377562E+03  0.379812E+03  0.382094E+03
  0.384375E+03  0.386688E+03  0.389000E+03  0.391344E+03  0.393688E+03
  0.396062E+03  0.398438E+03  0.400844E+03  0.403250E+03  0.405656E+03
  0.408094E+03  0.410531E+03  0.413000E+03  0.415469E+03  0.417969E+03
  0.420469E+03  0.423000E+03  0.425531E+03  0.428094E+03  0.430656E+03
  0.433250E+03  0.435844E+03  0.438469E+03  0.441094E+03  0.443750E+03
  0.446406E+03  0.449094E+03  0.451781E+03  0.454500E+03  0.457219E+03
  0.459969E+03  0.462719E+03  0.465500E+03  0.468281E+03  0.471094E+03
  0.473906E+03  0.476750E+03  0.479625E+03  0.482500E+03  0.485406E+03
  0.488312E+03  0.491250E+03  0.494188E+03  0.497156E+03  0.500125E+03
  0.503125E+03  0.506156E+03  0.509188E+03  0.512250E+03  0.515312E+03
  0.518406E+03  0.521531E+03  0.524656E+03  0.527812E+03  0.530969E+03
  0.534156E+03  0.537375E+03  0.540594E+03  0.543844E+03  0.547094E+03
  0.550375E+03  0.553688E+03  0.557000E+03  0.560344E+03  0.563719E+03
  0.567094E+03  0.570500E+03  0.573938E+03  0.577375E+03  0.580844E+03
  0.584344E+03  0.587844E+03  0.591375E+03  0.594938E+03  0.598500E+03
  0.602094E+03  0.605719E+03  0.609344E+03  0.613000E+03  0.616688E+03
  0.620375E+03  0.624094E+03  0.627844E+03  0.631625E+03  0.635406E+03
  0.639219E+03  0.643062E+03  0.646906E+03  0.650781E+03  0.654688E+03
  0.658625E+03  0.662562E+03  0.666531E+03  0.670531E+03  0.674562E+03
  0.678625E+03  0.682688E+03  0.686781E+03  0.690906E+03  0.695062E+03
  0.699219E+03  0.703406E+03  0.707625E+03  0.711875E+03  0.716156E+03
  0.720469E+03  0.724781E+03  0.729125E+03  0.733500E+03  0.737906E+03
  0.742344E+03  0.746812E+03  0.751281E+03  0.755781E+03  0.760312E+03
  0.764875E+03  0.769469E+03  0.774094E+03  0.778750E+03  0.783438E+03
  0.788125E+03  0.792844E+03  0.797594E+03  0.802375E+03  0.807188E+03
  0.812031E+03  0.816906E+03  0.821812E+03  0.826750E+03  0.831719E+03
  0.836719E+03  0.841750E+03  0.846812E+03  0.851906E+03  0.857031E+03
  0.862188E+03  0.867375E+03  0.872594E+03  0.877844E+03  0.883125E+03
  0.888438E+03  0.893781E+03  0.899156E+03  0.904562E+03  0.910000E+03
  0.915469E+03  0.920969E+03  0.926500E+03  0.932062E+03  0.937656E+03
  0.943281E+03  0.948938E+03  0.954625E+03  0.960344E+03  0.966094E+03
  0.971875E+03  0.977719E+03  0.983594E+03  0.989500E+03  0.995438E+03
  0.100141E+04  0.100741E+04  0.101344E+04  0.101953E+04  0.102566E+04
  0.103181E+04  0.103800E+04  0.104422E+04  0.105047E+04  0.105678E+04
  0.106312E+04  0.106950E+04  0.107591E+04  0.108238E+04  0.108888E+04
  0.109541E+04  0.110197E+04  0.110859E+04  0.111525E+04  0.112194E+04
  0.112866E+04  0.113544E+04  0.114225E+04  0.114909E+04  0.115600E+04
  0.116294E+04  0.116991E+04  0.117694E+04  0.118400E+04  0.119109E+04
  0.119825E+04  0.120544E+04  0.121266E+04  0.121994E+04  0.122725E+04
  0.123462E+04  0.124203E+04  0.124947E+04  0.125697E+04  0.126450E+04
  0.127209E+04  0.127972E+04  0.128741E+04  0.129512E+04  0.130291E+04
  0.131072E+04  0.131859E+04  0.132650E+04  0.133447E+04  0.134247E+04
  0.135053E+04  0.135862E+04  0.136678E+04  0.137497E+04  0.138322E+04
  0.139153E+04  0.139988E+04  0.140828E+04  0.141672E+04  0.142522E+04
  0.143378E+04  0.144238E+04  0.145103E+04  0.145975E+04  0.146850E+04
  0.147731E+04  0.148619E+04  0.149509E+04  0.150406E+04  0.151309E+04
  0.152219E+04  0.153131E+04  0.154050E+04  0.154975E+04  0.155906E+04
  0.156841E+04  0.157781E+04  0.158728E+04  0.159681E+04  0.160641E+04
  0.161603E+04  0.162572E+04  0.163547E+04  0.164528E+04  0.165516E+04
  0.166509E+04  0.167509E+04  0.168516E+04  0.169528E+04  0.170544E+04
  0.171566E+04  0.172594E+04  0.173628E+04  0.174669E+04  0.175716E+04
  0.176769E+04  0.177828E+04  0.178894E+04  0.179966E+04  0.181047E+04
  0.182134E+04  0.183228E+04  0.184328E+04  0.185434E+04  0.186547E+04
  0.187666E+04  0.188791E+04  0.189922E+04  0.191062E+04  0.192209E+04
  0.193362E+04  0.194522E+04  0.195688E+04  0.196862E+04  0.198044E+04
  0.199231E+04  0.200428E+04  0.201631E+04  0.202841E+04  0.204056E+04
  0.205281E+04  0.206512E+04  0.207753E+04  0.209000E+04  0.210253E+04
  0.211516E+04  0.212784E+04  0.214062E+04  0.215347E+04  0.216638E+04
  0.217938E+04  0.219244E+04  0.220559E+04  0.221881E+04  0.223212E+04
  0.224553E+04  0.225900E+04  0.227256E+04  0.228619E+04  0.229991E+04
  0.231372E+04  0.232759E+04  0.234156E+04  0.235562E+04  0.236975E+04
  0.238397E+04  0.239828E+04  0.241266E+04  0.242712E+04  0.244169E+04
  0.245634E+04  0.247109E+04  0.248591E+04  0.250081E+04  0.251581E+04
  0.253091E+04  0.254609E+04  0.256138E+04  0.257675E+04  0.259222E+04
  0.260778E+04  0.262344E+04  0.263919E+04  0.265503E+04  0.267097E+04
  0.268700E+04  0.270312E+04  0.271934E+04  0.273566E+04  0.275206E+04
  0.276856E+04  0.278519E+04  0.280191E+04  0.281872E+04  0.283562E+04
  0.285262E+04  0.286975E+04  0.288697E+04  0.290428E+04  0.292172E+04
  0.293925E+04  0.295688E+04  0.297462E+04  0.299247E+04  0.301044E+04
  0.302850E+04  0.304666E+04  0.306494E+04  0.308331E+04  0.310181E+04
  0.312044E+04  0.313916E+04  0.315800E+04  0.317694E+04  0.319600E+04
  0.321519E+04  0.323447E+04  0.325388E+04  0.327341E+04  0.329303E+04
  0.331278E+04  0.333266E+04  0.335266E+04  0.337278E+04  0.339303E+04
  0.341338E+04  0.343384E+04  0.345444E+04  0.347516E+04  0.349600E+04
  0.351697E+04  0.353806E+04  0.355928E+04  0.358062E+04  0.360209E+04
  0.362372E+04  0.364547E+04  0.366734E+04  0.368934E+04  0.371147E+04
  0.373375E+04  0.375616E+04  0.377869E+04  0.380138E+04  0.382419E+04
  0.384712E+04  0.387022E+04  0.389344E+04  0.391681E+04  0.394031E+04
  0.396397E+04  0.398775E+04  0.401169E+04  0.403575E+04  0.405997E+04
  0.408434E+04  0.410884E+04  0.413350E+04  0.415831E+04  0.418325E+04
  0.420834E+04  0.423359E+04  0.425900E+04  0.428456E+04  0.431028E+04
  0.433616E+04  0.436219E+04  0.438838E+04  0.441472E+04  0.444122E+04
  0.446788E+04  0.449469E+04  0.452166E+04  0.454878E+04  0.457606E+04
  0.460353E+04  0.463116E+04  0.465894E+04  0.468691E+04  0.471503E+04
  0.474331E+04  0.477178E+04  0.480041E+04  0.482922E+04  0.485819E+04
  0.488734E+04  0.491666E+04  0.494616E+04  0.497584E+04  0.500569E+04
  0.503572E+04  0.506594E+04  0.509634E+04  0.512694E+04  0.515769E+04
  0.518862E+04  0.521975E+04  0.525106E+04  0.528256E+04  0.531425E+04
  0.534612E+04  0.537819E+04  0.541047E+04  0.544294E+04  0.547559E+04
  0.550844E+04  0.554150E+04  0.557475E+04  0.560819E+04  0.564184E+04
  0.567569E+04  0.570975E+04  0.574400E+04  0.577847E+04  0.581312E+04
  0.584800E+04  0.588309E+04  0.591841E+04  0.595391E+04  0.598962E+04
  0.602556E+04  0.606172E+04  0.609809E+04  0.613469E+04  0.617150E+04
  0.620853E+04  0.624578E+04  0.628325E+04  0.632094E+04  0.635888E+04
  0.639703E+04  0.643541E+04  0.647403E+04  0.651288E+04  0.655194E+04
  0.659125E+04  0.663081E+04  0.667059E+04  0.671062E+04  0.675088E+04
  0.679138E+04  0.683212E+04  0.687312E+04  0.691438E+04  0.695588E+04
  0.699762E+04  0.703962E+04  0.708188E+04  0.712438E+04  0.716712E+04
  0.721012E+04  0.725338E+04  0.729691E+04  0.734069E+04  0.738472E+04
  0.742903E+04  0.747359E+04  0.751844E+04  0.756356E+04  0.760894E+04
  0.765459E+04  0.770053E+04  0.774675E+04  0.779322E+04  0.783997E+04
  0.788700E+04  0.793431E+04  0.798191E+04  0.802981E+04  0.807800E+04
  0.812647E+04  0.817522E+04  0.822428E+04  0.827362E+04  0.832328E+04
  0.837322E+04  0.842347E+04  0.847400E+04  0.852484E+04  0.857600E+04
  0.862747E+04  0.867922E+04  0.873128E+04  0.878366E+04  0.883634E+04
  0.888938E+04  0.894272E+04  0.899638E+04  0.905034E+04  0.910466E+04
  0.915928E+04  0.921425E+04  0.926953E+04  0.932516E+04  0.938109E+04
  0.943738E+04  0.949400E+04  0.955097E+04  0.960828E+04  0.966594E+04
  0.972394E+04  0.978228E+04  0.984097E+04  0.990000E+04  0.995941E+04
  0.100192E+05  0.100793E+05  0.101398E+05  0.102006E+05  0.102618E+05
  0.103234E+05  0.103853E+05  0.104476E+05  0.105103E+05  0.105734E+05
  0.106368E+05  0.107006E+05  0.107648E+05  0.108294E+05  0.108944E+05
  0.109598E+05  0.110255E+05  0.110917E+05  0.111582E+05  0.112252E+05
  0.112925E+05  0.113603E+05  0.114284E+05  0.114970E+05  0.115660E+05
  0.116354E+05  0.117052E+05  0.117754E+05  0.118461E+05  0.119171E+05
  0.119886E+05  0.120606E+05  0.121329E+05  0.122058E+05  0.122790E+05
  0.123527E+05  0.124268E+05  0.125014E+05  0.125764E+05  0.126518E+05
  0.127278E+05  0.128041E+05  0.128809E+05  0.129582E+05  0.130360E+05
  0.131142E+05  0.131929E+05  0.132720E+05  0.133517E+05  0.134318E+05
  0.135124E+05  0.135934E+05  0.136750E+05  0.137571E+05  0.138396E+05
  0.139226E+05  0.140062E+05  0.140902E+05  0.141747E+05  0.142598E+05
  0.143453E+05  0.144314E+05  0.145180E+05  0.146051E+05  0.146927E+05
  0.147809E+05  0.148696E+05  0.149588E+05  0.150485E+05  0.151388E+05
  0.152297E+05  0.153210E+05  0.154130E+05  0.155054E+05  0.155985E+05
  0.156921E+05  0.157862E+05  0.158809E+05  0.159762E+05  0.160721E+05
  0.161685E+05  0.162655E+05  0.163631E+05  0.164613E+05  0.165601E+05
  0.166594E+05  0.167594E+05  0.168600E+05  0.169611E+05  0.170629E+05
  0.171653E+05  0.172683E+05  0.173719E+05  0.174761E+05  0.175810E+05
  0.176865E+05  0.177926E+05  0.178993E+05  0.180068E+05  0.181148E+05
  0.182235E+05  0.183328E+05  0.184428E+05  0.185535E+05  0.186648E+05
  0.187768E+05  0.188894E+05  0.190028E+05  0.191168E+05  0.192315E+05
  0.193469E+05  0.194630E+05  0.196000E+05
  Time channel widths (musec) :- 
  0.593750E+00  0.593750E+00  0.593750E+00  0.625000E+00  0.625000E+00
  0.625000E+00  0.625000E+00  0.625000E+00  0.625000E+00  0.625000E+00
  0.625000E+00  0.656250E+00  0.656250E+00  0.656250E+00  0.656250E+00
  0.656250E+00  0.656250E+00  0.656250E+00  0.656250E+00  0.687500E+00
  0.687500E+00  0.687500E+00  0.687500E+00  0.687500E+00  0.687500E+00
  0.687500E+00  0.687500E+00  0.718750E+00  0.718750E+00  0.718750E+00
  0.718750E+00  0.718750E+00  0.718750E+00  0.718750E+00  0.750000E+00
  0.750000E+00  0.750000E+00  0.750000E+00  0.750000E+00  0.750000E+00
  0.750000E+00  0.781250E+00  0.781250E+00  0.781250E+00  0.781250E+00
  0.781250E+00  0.781250E+00  0.781250E+00  0.812500E+00  0.812500E+00
  0.812500E+00  0.812500E+00  0.812500E+00  0.812500E+00  0.843750E+00
  0.843750E+00  0.843750E+00  0.843750E+00  0.843750E+00  0.843750E+00
  0.843750E+00  0.875000E+00  0.875000E+00  0.875000E+00  0.875000E+00
  0.875000E+00  0.906250E+00  0.906250E+00  0.906250E+00  0.906250E+00
  0.906250E+00  0.906250E+00  0.937500E+00  0.937500E+00  0.937500E+00
  0.937500E+00  0.937500E+00  0.937500E+00  0.968750E+00  0.968750E+00
  0.968750E+00  0.968750E+00  0.968750E+00  0.100000E+01  0.100000E+01
  0.100000E+01  0.100000E+01  0.100000E+01  0.103125E+01  0.103125E+01
  0.103125E+01  0.103125E+01  0.103125E+01  0.106250E+01  0.106250E+01
  0.106250E+01  0.106250E+01  0.106250E+01  0.109375E+01  0.109375E+01
  0.109375E+01  0.109375E+01  0.109375E+01  0.112500E+01  0.112500E+01
  0.112500E+01  0.112500E+01  0.112500E+01  0.115625E+01  0.115625E+01
  0.115625E+01  0.115625E+01  0.118750E+01  0.118750E+01  0.118750E+01
  0.118750E+01  0.118750E+01  0.121875E+01  0.121875E+01  0.121875E+01
  0.121875E+01  0.125000E+01  0.125000E+01  0.125000E+01  0.125000E+01
  0.128125E+01  0.128125E+01  0.128125E+01  0.128125E+01  0.131250E+01
  0.131250E+01  0.131250E+01  0.131250E+01  0.134375E+01  0.134375E+01
  0.134375E+01  0.134375E+01  0.137500E+01  0.137500E+01  0.137500E+01
  0.137500E+01  0.140625E+01  0.140625E+01  0.140625E+01  0.140625E+01
  0.143750E+01  0.143750E+01  0.143750E+01  0.146875E+01  0.146875E+01
  0.146875E+01  0.146875E+01  0.150000E+01  0.150000E+01  0.150000E+01
  0.153125E+01  0.153125E+01  0.153125E+01  0.153125E+01  0.156250E+01
  0.156250E+01  0.156250E+01  0.159375E+01  0.159375E+01  0.159375E+01
  0.162500E+01  0.162500E+01  0.162500E+01  0.162500E+01  0.165625E+01
  0.165625E+01  0.165625E+01  0.168750E+01  0.168750E+01  0.168750E+01
  0.171875E+01  0.171875E+01  0.171875E+01  0.175000E+01  0.175000E+01
  0.175000E+01  0.178125E+01  0.178125E+01  0.178125E+01  0.181250E+01
  0.181250E+01  0.181250E+01  0.184375E+01  0.184375E+01  0.187500E+01
  0.187500E+01  0.187500E+01  0.190625E+01  0.190625E+01  0.190625E+01
  0.193750E+01  0.193750E+01  0.193750E+01  0.196875E+01  0.196875E+01
  0.200000E+01  0.200000E+01  0.200000E+01  0.203125E+01  0.203125E+01
  0.203125E+01  0.206250E+01  0.206250E+01  0.209375E+01  0.209375E+01
  0.209375E+01  0.212500E+01  0.212500E+01  0.215625E+01  0.215625E+01
  0.218750E+01  0.218750E+01  0.218750E+01  0.221875E+01  0.221875E+01
  0.225000E+01  0.225000E+01  0.225000E+01  0.228125E+01  0.228125E+01
  0.231250E+01  0.231250E+01  0.234375E+01  0.234375E+01  0.237500E+01
  0.237500E+01  0.240625E+01  0.240625E+01  0.240625E+01  0.243750E+01
  0.243750E+01  0.246875E+01  0.246875E+01  0.250000E+01  0.250000E+01
  0.253125E+01  0.253125E+01  0.256250E+01  0.256250E+01  0.259375E+01
  0.259375E+01  0.262500E+01  0.262500E+01  0.265625E+01  0.265625E+01
  0.268750E+01  0.268750E+01  0.271875E+01  0.271875E+01  0.275000E+01
  0.275000E+01  0.278125E+01  0.278125E+01  0.281250E+01  0.281250E+01
  0.284375E+01  0.287500E+01  0.287500E+01  0.290625E+01  0.290625E+01
  0.293750E+01  0.293750E+01  0.296875E+01  0.296875E+01  0.300000E+01
  0.303125E+01  0.303125E+01  0.306250E+01  0.306250E+01  0.309375E+01
  0.312500E+01  0.312500E+01  0.315625E+01  0.315625E+01  0.318750E+01
  0.321875E+01  0.321875E+01  0.325000E+01  0.325000E+01  0.328125E+01
  0.331250E+01  0.331250E+01  0.334375E+01  0.337500E+01  0.337500E+01
  0.340625E+01  0.343750E+01  0.343750E+01  0.346875E+01  0.350000E+01
  0.350000E+01  0.353125E+01  0.356250E+01  0.356250E+01  0.359375E+01
  0.362500E+01  0.362500E+01  0.365625E+01  0.368750E+01  0.368750E+01
  0.371875E+01  0.375000E+01  0.378125E+01  0.378125E+01  0.381250E+01
  0.384375E+01  0.384375E+01  0.387500E+01  0.390625E+01  0.393750E+01
  0.393750E+01  0.396875E+01  0.400000E+01  0.403125E+01  0.406250E+01
  0.406250E+01  0.409375E+01  0.412500E+01  0.415625E+01  0.415625E+01
  0.418750E+01  0.421875E+01  0.425000E+01  0.428125E+01  0.431250E+01
  0.431250E+01  0.434375E+01  0.437500E+01  0.440625E+01  0.443750E+01
  0.446875E+01  0.446875E+01  0.450000E+01  0.453125E+01  0.456250E+01
  0.459375E+01  0.462500E+01  0.465625E+01  0.468750E+01  0.468750E+01
  0.471875E+01  0.475000E+01  0.478125E+01  0.481250E+01  0.484375E+01
  0.487500E+01  0.490625E+01  0.493750E+01  0.496875E+01  0.500000E+01
  0.503125E+01  0.506250E+01  0.509375E+01  0.512500E+01  0.515625E+01
  0.518750E+01  0.521875E+01  0.525000E+01  0.528125E+01  0.531250E+01
  0.534375E+01  0.537500E+01  0.540625E+01  0.543750E+01  0.546875E+01
  0.550000E+01  0.553125E+01  0.556250E+01  0.559375E+01  0.562500E+01
  0.565625E+01  0.568750E+01  0.571875E+01  0.575000E+01  0.578125E+01
  0.584375E+01  0.587500E+01  0.590625E+01  0.593750E+01  0.596875E+01
  0.600000E+01  0.603125E+01  0.609375E+01  0.612500E+01  0.615625E+01
  0.618750E+01  0.621875E+01  0.625000E+01  0.631250E+01  0.634375E+01
  0.637500E+01  0.640625E+01  0.646875E+01  0.650000E+01  0.653125E+01
  0.656250E+01  0.662500E+01  0.665625E+01  0.668750E+01  0.671875E+01
  0.678125E+01  0.681250E+01  0.684375E+01  0.690625E+01  0.693750E+01
  0.696875E+01  0.703125E+01  0.706250E+01  0.709375E+01  0.715625E+01
  0.718750E+01  0.721875E+01  0.728125E+01  0.731250E+01  0.737500E+01
  0.740625E+01  0.743750E+01  0.750000E+01  0.753125E+01  0.759375E+01
  0.762500E+01  0.768750E+01  0.771875E+01  0.778125E+01  0.781250E+01
  0.787500E+01  0.790625E+01  0.796875E+01  0.800000E+01  0.806250E+01
  0.809375E+01  0.815625E+01  0.818750E+01  0.825000E+01  0.831250E+01
  0.834375E+01  0.840625E+01  0.843750E+01  0.850000E+01  0.856250E+01
  0.859375E+01  0.865625E+01  0.871875E+01  0.875000E+01  0.881250E+01
  0.887500E+01  0.890625E+01  0.896875E+01  0.903125E+01  0.909375E+01
  0.912500E+01  0.918750E+01  0.925000E+01  0.931250E+01  0.934375E+01
  0.940625E+01  0.946875E+01  0.953125E+01  0.959375E+01  0.962500E+01
  0.968750E+01  0.975000E+01  0.981250E+01  0.987500E+01  0.993750E+01
  0.100000E+02  0.100625E+02  0.101250E+02  0.101562E+02  0.102188E+02
  0.102812E+02  0.103438E+02  0.104062E+02  0.104688E+02  0.105312E+02
  0.105938E+02  0.106562E+02  0.107188E+02  0.108125E+02  0.108750E+02
  0.109375E+02  0.110000E+02  0.110625E+02  0.111250E+02  0.111875E+02
  0.112500E+02  0.113125E+02  0.114062E+02  0.114688E+02  0.115312E+02
  0.115938E+02  0.116562E+02  0.117500E+02  0.118125E+02  0.118750E+02
  0.119688E+02  0.120312E+02  0.120938E+02  0.121562E+02  0.122500E+02
  0.123125E+02  0.124062E+02  0.124688E+02  0.125312E+02  0.126250E+02
  0.126875E+02  0.127812E+02  0.128438E+02  0.129062E+02  0.130000E+02
  0.130625E+02  0.131562E+02  0.132188E+02  0.133125E+02  0.134062E+02
  0.134688E+02  0.135625E+02  0.136250E+02  0.137188E+02  0.138125E+02
  0.138750E+02  0.139688E+02  0.140625E+02  0.141250E+02  0.142188E+02
  0.143125E+02  0.143750E+02  0.144688E+02  0.145625E+02  0.146562E+02
  0.147500E+02  0.148125E+02  0.149062E+02  0.150000E+02  0.150938E+02
  0.151875E+02  0.152812E+02  0.153750E+02  0.154688E+02  0.155625E+02
  0.156562E+02  0.157500E+02  0.158438E+02  0.159375E+02  0.160312E+02
  0.161250E+02  0.162188E+02  0.163125E+02  0.164062E+02  0.165000E+02
  0.166250E+02  0.167188E+02  0.168125E+02  0.169062E+02  0.170000E+02
  0.171250E+02  0.172188E+02  0.173125E+02  0.174375E+02  0.175312E+02
  0.176250E+02  0.177500E+02  0.178438E+02  0.179688E+02  0.180625E+02
  0.181562E+02  0.182812E+02  0.183750E+02  0.185000E+02  0.186250E+02
  0.187188E+02  0.188438E+02  0.189375E+02  0.190625E+02  0.191875E+02
  0.192812E+02  0.194062E+02  0.195312E+02  0.196250E+02  0.197500E+02
  0.198750E+02  0.200000E+02  0.201250E+02  0.202500E+02  0.203438E+02
  0.204688E+02  0.205938E+02  0.207188E+02  0.208438E+02  0.209688E+02
  0.210938E+02  0.212188E+02  0.213438E+02  0.214688E+02  0.216250E+02
  0.217500E+02  0.218750E+02  0.220000E+02  0.221250E+02  0.222812E+02
  0.224062E+02  0.225312E+02  0.226875E+02  0.228125E+02  0.229375E+02
  0.230938E+02  0.232188E+02  0.233750E+02  0.235000E+02  0.236562E+02
  0.237812E+02  0.239375E+02  0.240625E+02  0.242188E+02  0.243750E+02
  0.245000E+02  0.246562E+02  0.248125E+02  0.249375E+02  0.250938E+02
  0.252500E+02  0.254062E+02  0.255625E+02  0.257188E+02  0.258750E+02
  0.260312E+02  0.261875E+02  0.263438E+02  0.265000E+02  0.266562E+02
  0.268125E+02  0.269688E+02  0.271250E+02  0.272812E+02  0.274688E+02
  0.276250E+02  0.277812E+02  0.279688E+02  0.281250E+02  0.282812E+02
  0.284688E+02  0.286250E+02  0.288125E+02  0.289688E+02  0.291562E+02
  0.293125E+02  0.295000E+02  0.296875E+02  0.298438E+02  0.300312E+02
  0.302188E+02  0.304062E+02  0.305938E+02  0.307500E+02  0.309375E+02
  0.311250E+02  0.313125E+02  0.315000E+02  0.316875E+02  0.318750E+02
  0.320625E+02  0.322812E+02  0.324688E+02  0.326562E+02  0.328438E+02
  0.330625E+02  0.332500E+02  0.334375E+02  0.336562E+02  0.338438E+02
  0.340625E+02  0.342500E+02  0.344688E+02  0.346562E+02  0.348750E+02
  0.350938E+02  0.353125E+02  0.355000E+02  0.357188E+02  0.359375E+02
  0.361562E+02  0.363750E+02  0.365938E+02  0.368125E+02  0.370312E+02
  0.372500E+02  0.374688E+02  0.376875E+02  0.379375E+02  0.381562E+02
  0.383750E+02  0.386250E+02  0.388438E+02  0.390625E+02  0.393125E+02
  0.395625E+02  0.397812E+02  0.400312E+02  0.402500E+02  0.405000E+02
  0.407500E+02  0.410000E+02  0.412500E+02  0.415000E+02  0.417500E+02
  0.420000E+02  0.422500E+02  0.425000E+02  0.427500E+02  0.430000E+02
  0.432500E+02  0.435312E+02  0.437812E+02  0.440312E+02  0.443125E+02
  0.445625E+02  0.448438E+02  0.451250E+02  0.453750E+02  0.456562E+02
  0.459375E+02  0.462188E+02  0.464688E+02  0.467500E+02  0.470312E+02
  0.473125E+02  0.475938E+02  0.479062E+02  0.481875E+02  0.484688E+02
  0.487500E+02  0.490625E+02  0.493438E+02  0.496562E+02  0.499375E+02
  0.502500E+02  0.505312E+02  0.508438E+02  0.511562E+02  0.514688E+02
  0.517500E+02  0.520625E+02  0.523750E+02  0.526875E+02  0.530312E+02
  0.533438E+02  0.536562E+02  0.539688E+02  0.543125E+02  0.546250E+02
  0.549688E+02  0.552812E+02  0.556250E+02  0.559375E+02  0.562812E+02
  0.566250E+02  0.569688E+02  0.573125E+02  0.576562E+02  0.580000E+02
  0.583438E+02  0.586875E+02  0.590312E+02  0.594062E+02  0.597500E+02
  0.601250E+02  0.604688E+02  0.608438E+02  0.612188E+02  0.615625E+02
  0.619375E+02  0.623125E+02  0.626875E+02  0.630625E+02  0.634375E+02
  0.638125E+02  0.642188E+02  0.645938E+02  0.649688E+02  0.653750E+02
  0.657500E+02  0.661562E+02  0.665625E+02  0.669375E+02  0.673438E+02
  0.677500E+02  0.681562E+02  0.685625E+02  0.689688E+02  0.694062E+02
  0.698125E+02  0.702188E+02  0.706562E+02  0.710625E+02  0.715000E+02
  0.719375E+02  0.723750E+02  0.728125E+02  0.732500E+02  0.736875E+02
  0.741250E+02  0.745625E+02  0.750000E+02  0.754688E+02  0.759062E+02
  0.763750E+02  0.768125E+02  0.772812E+02  0.777500E+02  0.782188E+02
  0.786875E+02  0.791562E+02  0.796250E+02  0.801250E+02  0.805938E+02
  0.810625E+02  0.815625E+02  0.820625E+02  0.825312E+02  0.830312E+02
  0.835312E+02  0.840312E+02  0.845312E+02  0.850625E+02  0.855625E+02
  0.860625E+02  0.865938E+02  0.870938E+02  0.876250E+02  0.881562E+02
  0.886875E+02  0.892188E+02  0.897500E+02  0.902812E+02  0.908438E+02
  0.913750E+02  0.919375E+02  0.924688E+02  0.930312E+02  0.935938E+02
  0.941562E+02  0.947188E+02  0.952812E+02  0.958438E+02  0.964375E+02
  0.970000E+02  0.975938E+02  0.981875E+02  0.987812E+02  0.993750E+02
  0.999688E+02  0.100562E+03  0.101156E+03  0.101781E+03  0.102375E+03
  0.103000E+03  0.103625E+03  0.104219E+03  0.104844E+03  0.105500E+03
  0.106125E+03  0.106750E+03  0.107406E+03  0.108031E+03  0.108688E+03
  0.109344E+03  0.110000E+03  0.110656E+03  0.111312E+03  0.112000E+03
  0.112656E+03  0.113344E+03  0.114031E+03  0.114688E+03  0.115375E+03
  0.116094E+03  0.137031E+03
