  Group flight paths:- 
  0.479237E+01  0.460274E+01  0.433382E+01  0.414347E+01  0.386741E+01
  0.368011E+01  0.428384E+01  0.409944E+01  0.340084E+01  0.321279E+01
  0.270525E+01  0.251071E+01  0.221796E+01  0.203339E+01  0.173945E+01
  0.155382E+01  0.148151E+01  0.130542E+01
  Group scattering angles:- 
  0.392586E+01  0.501877E+01  0.612990E+01  0.739563E+01  0.864246E+01
  0.999848E+01  0.118283E+02  0.130735E+02  0.146303E+02  0.162501E+02
  0.179401E+02  0.201105E+02  0.221667E+02  0.248718E+02  0.281937E+02
  0.316213E+02  0.307043E+02  0.354279E+02
  Group azimuthal angles:- 
  0.151500E+03  0.151500E+03  0.180000E+03  0.180632E+03  0.180000E+03
  0.179692E+03  0.000000E+00  0.139474E+01  0.000000E+00  0.000000E+00
 -0.803846E+01 -0.883333E+01  0.180000E+03  0.180000E+03  0.172167E+03
  0.172167E+03  0.000000E+00  0.000000E+00
  Group number of each spectrum:-
     1  0      2  0      3  0      4  0      5  0
     6  0      7  0      8  0      9  0     10  0
    11  0     12  0     13  0     14  0     15  0
    16  0     17  0     18  0     19  0     20  0
    21  2     22  2     23  2     24  2     25  2
    26  2     27  2     28  2     29  2     30  2
    31  1     32  1     33  1     34  1     35  1
    36  1     37  1     38  1     39  1     40  1
    41  2     42  2     43  2     44  2     45  2
    46  2     47  2     48  2     49  2     50  2
    51  1     52  1     53  1     54  1     55  1
    56  1     57  1     58  1     59  1     60  1
    61  4     62  4     63  4     64  4     65  4
    66  4     67  4     68  4     69  4     70  4
    71  3     72  3     73  3     74  3     75  3
    76  3     77  3     78  3     79  3     80  3
    81  4     82  4     83  4     84  4     85  4
    86  4     87  4     88  4     89  4     90  4
    91  3     92  3     93  3     94  3     95  3
    96  3     97  3     98  3     99  3    100  3
   101  4    102  4    103  4    104  4    105  4
   106  4    107  4    108  4    109  4    110  4
   111  3    112  3    113  3    114  3    115  3
   116  3    117  3    118  3    119  3    120  3
   121  4    122  4    123  4    124  4    125  4
   126  4    127  4    128  4    129  4    130  4
   131  3    132  3    133  3    134  3    135  3
   136  3    137  3    138  3    139  3    140  3
   141  6    142  6    143  6    144  6    145  6
   146  6    147  6    148  6    149  6    150  6
   151  5    152  5    153  5    154  5    155  5
   156  5    157  5    158  5    159  5    160  5
   161  6    162  6    163  6    164  6    165  6
   166  6    167  6    168  6    169  6    170  6
   171  5    172  5    173  5    174  5    175  5
   176  5    177  5    178  5    179  5    180  5
   181  6    182  6    183  6    184  6    185  6
   186  6    187  6    188  6    189  6    190  6
   191  5    192  5    193  5    194  5    195  5
   196  5    197  5    198  5    199  5    200  5
   201  6    202  6    203  6    204  6    205  6
   206  6    207  6    208  6    209  6    210  6
   211  5    212  5    213  5    214  5    215  5
   216  5    217  5    218  5    219  5    220  5
   221  8    222  8    223  8    224  8    225  8
   226  8    227  8    228  8    229  8    230  8
   231  7    232  7    233  7    234  7    235  7
   236  7    237  7    238  7    239  7    240  7
   241  8    242  8    243  8    244  8    245  8
   246  8    247  8    248  8    249  8    250  8
   251  7    252  7    253  7    254  7    255  7
   256  7    257  7    258  7    259  7    260  7
   261  8    262  8    263  8    264  8    265  8
   266  8    267  8    268  8    269  8    270  8
   271  7    272  7    273  7    274  7    275  7
   276  7    277  7    278  7    279  7    280  7
   281  8    282  8    283  8    284  8    285  8
   286  8    287  8    288  8    289  8    290  8
   291  7    292  7    293  7    294  7    295  7
   296  7    297  7    298  7    299  7    300  7
   301 10    302 10    303 10    304 10    305 10
   306 10    307 10    308 10    309 10    310 10
   311  9    312  9    313  9    314  9    315  9
   316  9    317  9    318  9    319  9    320  9
   321 10    322 10    323 10    324 10    325 10
   326 10    327 10    328 10    329 10    330 10
   331  9    332  9    333  9    334  9    335  9
   336  9    337  9    338  9    339  9    340  9
   341 10    342 10    343 10    344 10    345 10
   346 10    347 10    348 10    349 10    350 10
   351  9    352  9    353  9    354  9    355  9
   356  9    357  9    358  9    359  9    360  9
   361 10    362 10    363 10    364 10    365 10
   366 10    367 10    368 10    369 10    370 10
   371  9    372  9    373  9    374  9    375  9
   376  9    377  9    378  9    379  9    380  9
   381 12    382 12    383 12    384 12    385 12
   386 12    387 12    388 12    389 12    390 12
   391 11    392 11    393 11    394 11    395 11
   396 11    397 11    398 11    399 11    400 11
   401 12    402 12    403 12    404 12    405 12
   406 12    407 12    408 12    409 12    410 12
   411 11    412 11    413 11    414 11    415 11
   416 11    417 11    418 11    419 11    420 11
   421 12    422 12    423 12    424 12    425 12
   426 12    427 12    428 12    429 12    430 12
   431 11    432 11    433 11    434 11    435 11
   436 11    437 11    438 11    439 11    440 11
   441 12    442 12    443 12    444 12    445 12
   446 12    447 12    448 12    449 12    450 12
   451 11    452 11    453 11    454 11    455 11
   456 11    457 11    458 11    459 11    460 11
   461 14    462 14    463 14    464 14    465 14
   466 14    467 14    468 14    469 14    470 14
   471 13    472 13    473 13    474 13    475 13
   476 13    477 13    478 13    479 13    480 13
   481 14    482 14    483 14    484 14    485 14
   486 14    487 14    488 14    489 14    490 14
   491 13    492 13    493 13    494 13    495 13
   496 13    497 13    498 13    499 13    500 13
   501 14    502 14    503 14    504 14    505 14
   506 14    507 14    508 14    509 14    510 14
   511 13    512 13    513 13    514 13    515 13
   516 13    517 13    518 13    519 13    520 13
   521 14    522 14    523 14    524 14    525 14
   526 14    527 14    528 14    529 14    530 14
   531 13    532 13    533 13    534 13    535 13
   536 13    537 13    538 13    539 13    540 13
   541 16    542 16    543 16    544 16    545 16
   546 16    547 16    548 16    549 16    550 16
   551 15    552 15    553 15    554 15    555 15
   556 15    557 15    558 15    559 15    560 15
   561 16    562 16    563 16    564 16    565 16
   566 16    567 16    568 16    569 16    570 16
   571 15    572 15    573 15    574 15    575 15
   576 15    577 15    578 15    579 15    580 15
   581 16    582 16    583 16    584 16    585 16
   586 16    587 16    588 16    589 16    590 16
   591 15    592 15    593 15    594 15    595 15
   596 15    597 15    598 15    599 15    600 15
   601 18    602 18    603 18    604 18    605 18
   606 18    607 18    608 18    609 18    610 18
   611 17    612 17    613 17    614 17    615 17
   616 17    617 17    618 17    619 17    620 17
   621 18    622 18    623 18    624 18    625 18
   626 18    627 18    628 18    629 18    630 18
   631 17    632 17    633 17    634 17    635 17
   636 17    637 17    638 17    639 17    640 17
   641 18    642 18    643 18    644 18    645 18
   646 18    647 18    648 18    649 18    650 18
   651 17    652 17    653 17    654 17    655 17
   656 17    657 17    658 17    659 17    660 17
   661 18    662 18    663 18    664 18    665 18
   666 18    667 18    668 18    669 18    670 18
   671 17    672 17    673 17    674 17    675 17
   676 17    677 17    678 17    679 17    680 17
   681 18    682 18    683 18    684 18    685 18
   686 18    687 18    688 18    689 18    690 18
   691 17    692 17    693 17    694 17    695 17
   696 17    697 17    698 17    699 17    700 17
