  Group flight paths:- 
  0.000000E+00  0.000000E+00  0.000000E+00  0.000000E+00  0.000000E+00
  0.000000E+00  0.000000E+00  0.000000E+00  0.000000E+00  0.000000E+00
  Group scattering angles:- 
  0.149375E+02  0.824659E+02  0.739627E+02  0.724627E+02  0.704627E+02
  0.684627E+02  0.664627E+02  0.644627E+02  0.624627E+02  0.604627E+02
  Group azimuthal angles:- 
  0.000000E+00  0.000000E+00  0.000000E+00  0.000000E+00  0.000000E+00
  0.000000E+00  0.000000E+00  0.000000E+00  0.000000E+00  0.000000E+00
  Group number of each spectrum:-
     1  0      2  1      3  1      4  1      5  1
     6  1      7  1      8  1      9  1     10  1
    11  1     12  1     13  1     14  1     15  1
    16  1     17  1     18  1     19  1     20  1
    21  1     22  1     23  1     24  1     25  1
    26  1     27  1     28  1     29  1     30  1
    31  1     32  1     33  1     34  1     35  1
    36  1     37  1     38  1     39  1     40  1
    41  1     42  1     43  1     44  1     45  1
    46  1     47  1     48  1     49  1     50  1
    51  1     52  1     53  1     54  1     55  1
    56  1     57  1     58  1     59  1     60  1
    61  1     62  1     63  1     64  1     65  1
    66  2     67  2     68  2     69  2     70  2
    71  2     72  2     73  2     74  2     75  2
    76  2     77  2     78  2     79  2     80  2
    81  2     82  2     83  2     84  2     85  2
    86  2     87  2     88  2     89  2     90  2
    91  2     92  2     93  2     94  2     95  2
    96  2     97  2     98  2     99  2    100  2
   101  2    102  2    103  2    104  2    105  2
   106  2    107  2    108  2    109  2    110  2
   111  2    112  2    113  2    114  2    115  2
   116  2    117  2    118  2    119  2    120  2
   121  2    122  2    123  2    124  2    125  2
   126  2    127  2    128  2    129  2    130  2
   131  2    132  2    133  2    134  2    135  2
   136  2    137  2    138  2    139  2    140  2
   141  2    142  2    143  2    144  2    145  2
   146  2    147  2    148  2    149  2    150  2
   151  2    152  2    153  2    154  2    155  2
   156  2    157  2    158  2    159  2    160  2
   161  2    162  2    163  2    164  2    165  2
   166  2    167  2    168  2    169  2    170  2
   171  2    172  2    173  2    174  2    175  2
   176  2    177  2    178  2    179  2    180  2
   181  2    182  2    183  2    184  2    185  2
   186  2    187  2    188  2    189  2    190  2
   191  2    192  2    193  2    194  2    195  2
   196  2    197  2    198  2    199  2    200  2
   201  2    202  2    203  2    204  2    205  2
   206  2    207  2    208  2    209  2    210  2
   211  2    212  2    213  2    214  2    215  2
   216  2    217  2    218  2    219  2    220  2
   221  2    222  2    223  2    224  2    225  2
   226  2    227  2    228  2    229  2    230  2
   231  2    232  2    233  2    234  2    235  2
   236  2    237  2    238  2    239  2    240  2
   241  2    242  2    243  2    244  2    245  2
   246  2    247  2    248  2    249  2    250  2
   251  2    252  2    253  2    254  2    255  2
   256  2    257  2    258  2    259  2    260  2
   261  2    262  2    263  2    264  2    265  2
   266  2    267  2    268  2    269  2    270  2
   271  2    272  2    273  2    274  2    275  2
   276  2    277  2    278  2    279  2    280  2
   281  2    282  2    283  2    284  2    285  2
   286  2    287  2    288  2    289  2    290  2
   291  2    292  2    293  2    294  2    295  2
   296  2    297  2    298  2    299  2    300  2
   301  2    302  2    303  2    304  2    305  2
   306  2    307  2    308  2    309  2    310  2
   311  2    312  2    313  2    314  2    315  2
   316  2    317  2    318  2    319  2    320  2
   321  2    322  2    323  2    324  2    325  2
   326  2    327  2    328  2    329  2    330  2
   331  2    332  2    333  2    334  2    335  2
   336  2    337  2    338  2    339  2    340  2
   341  2    342  2    343  2    344  2    345  2
   346  2    347  2    348  2    349  2    350  2
   351  2    352  2    353  2    354  2    355  2
   356  2    357  2    358  2    359  2    360  2
   361  2    362  2    363  2    364  2    365  2
   366  2    367  2    368  2    369  2    370  2
   371  2    372  2    373  2    374  2    375  2
   376  2    377  2    378  2    379  2    380  2
   381  2    382  2    383  2    384  2    385  2
   386  2    387  2    388  2    389  2    390  2
   391  2    392  2    393  2    394  2    395  2
   396  2    397  2    398  2    399  2    400  2
   401  2    402  2    403  2    404  2    405  2
   406  2    407  2    408  2    409  2    410  2
   411  2    412  2    413  2    414  2    415  2
   416  2    417  2    418  2    419  2    420  2
   421  2    422  2    423  2    424  2    425  2
   426  2    427  2    428  2    429  2    430  2
   431  2    432  2    433  2    434  2    435  2
   436  2    437  2    438  2    439  2    440  2
   441  2    442  2    443  2    444  2    445  2
   446  2    447  2    448  2    449  2    450  2
   451  2    452  2    453  2    454  2    455  2
   456  2    457  2    458  2    459  2    460  2
   461  2    462  2    463  2    464  2    465  2
   466  2    467  2    468  2    469  2    470  2
   471  2    472  2    473  2    474  2    475  2
   476  2    477  2    478  2    479  2    480  2
   481  2    482  2    483  2    484  2    485  2
   486  2    487  2    488  2    489  2    490  2
   491  2    492  2    493  2    494  2    495  2
   496  2    497  2    498  2    499  2    500  2
   501  2    502  2    503  2    504  2    505  2
   506  2    507  2    508  2    509  2    510  2
   511  2    512  2    513  2    514  2    515  2
   516  2    517  2    518  2    519  2    520  2
   521  2    522  2    523  2    524  2    525  2
   526  2    527  2    528  2    529  2    530  2
   531  2    532  2    533  2    534  2    535  2
   536  2    537  2    538  2    539  2    540  2
   541  2    542  2    543  2    544  2    545  2
   546  2    547  2    548  2    549  2    550  2
   551  2    552  2    553  2    554  2    555  2
   556  2    557  2    558  2    559  2    560  2
   561  2    562  2    563  2    564  2    565  2
   566  2    567  2    568  2    569  2    570  2
   571  2    572  2    573  2    574  2    575  2
   576  2    577  2    578  0    579  3    580  3
   581  3    582  3    583  3    584  3    585  3
   586  3    587  3    588  3    589  3    590  3
   591  3    592  3    593  3    594  3    595  3
   596  3    597  3    598  3    599  3    600  3
   601  3    602  3    603  3    604  3    605  3
   606  3    607  3    608  3    609  3    610  3
   611  3    612  3    613  3    614  3    615  3
   616  3    617  3    618  3    619  3    620  3
   621  3    622  3    623  3    624  3    625  3
   626  3    627  3    628  3    629  3    630  3
   631  3    632  3    633  3    634  3    635  3
   636  3    637  3    638  3    639  3    640  3
   641  3    642  3    643  3    644  3    645  3
   646  3    647  3    648  3    649  3    650  3
   651  3    652  3    653  3    654  3    655  3
   656  3    657  3    658  3    659  3    660  3
   661  3    662  3    663  3    664  3    665  3
   666  3    667  3    668  3    669  3    670  3
   671  3    672  3    673  3    674  3    675  3
   676  3    677  3    678  3    679  3    680  3
   681  3    682  3    683  3    684  3    685  3
   686  3    687  3    688  3    689  3    690  3
   691  3    692  3    693  3    694  3    695  3
   696  3    697  3    698  3    699  3    700  3
   701  3    702  3    703  3    704  3    705  3
   706  3    707  3    708  3    709  3    710  3
   711  3    712  3    713  3    714  3    715  3
   716  3    717  3    718  3    719  3    720  3
   721  3    722  3    723  3    724  3    725  3
   726  3    727  3    728  3    729  3    730  3
   731  3    732  3    733  3    734  3    735  3
   736  3    737  3    738  3    739  3    740  3
   741  3    742  3    743  3    744  3    745  3
   746  3    747  3    748  3    749  3    750  3
   751  3    752  3    753  3    754  3    755  3
   756  3    757  3    758  3    759  3    760  3
   761  3    762  3    763  3    764  3    765  3
   766  3    767  3    768  3    769  3    770  3
   771  3    772  3    773  3    774  3    775  3
   776  3    777  3    778  3    779  3    780  3
   781  3    782  3    783  3    784  3    785  3
   786  3    787  3    788  3    789  3    790  3
   791  3    792  3    793  3    794  3    795  3
   796  3    797  3    798  3    799  3    800  3
   801  3    802  3    803  3    804  3    805  3
   806  3    807  3    808  3    809  3    810  3
   811  3    812  3    813  3    814  3    815  3
   816  3    817  3    818  3    819  3    820  3
   821  3    822  3    823  3    824  3    825  3
   826  3    827  3    828  3    829  3    830  3
   831  3    832  3    833  3    834  3    835  3
   836  3    837  3    838  3    839  3    840  3
   841  3    842  3    843  3    844  3    845  3
   846  3    847  3    848  3    849  3    850  3
   851  3    852  3    853  3    854  3    855  3
   856  3    857  3    858  3    859  3    860  3
   861  3    862  3    863  3    864  3    865  3
   866  3    867  3    868  3    869  3    870  3
   871  3    872  3    873  3    874  3    875  3
   876  3    877  3    878  3    879  3    880  3
   881  3    882  3    883  3    884  3    885  3
   886  3    887  3    888  3    889  3    890  3
   891  3    892  3    893  3    894  3    895  3
   896  3    897  3    898  3    899  3    900  3
   901  3    902  3    903  3    904  3    905  3
   906  3    907  3    908  3    909  3    910  3
   911  3    912  3    913  3    914  3    915  3
   916  3    917  3    918  3    919  3    920  3
   921  3    922  3    923  3    924  3    925  3
   926  3    927  3    928  3    929  3    930  3
   931  3    932  3    933  3    934  3    935  3
   936  3    937  3    938  3    939  3    940  3
   941  3    942  3    943  3    944  3    945  3
   946  3    947  3    948  3    949  3    950  3
   951  3    952  3    953  3    954  3    955  3
   956  3    957  3    958  3    959  3    960  3
   961  3    962  3    963  3    964  3    965  3
   966  3    967  3    968  3    969  3    970  3
   971  3    972  3    973  3    974  3    975  3
   976  3    977  3    978  3    979  3    980  3
   981  3    982  3    983  3    984  3    985  3
   986  3    987  3    988  3    989  3    990  3
   991  3    992  3    993  3    994  3    995  3
   996  3    997  3    998  3    999  3   1000  3
  1001  3   1002  3   1003  3   1004  3   1005  3
  1006  3   1007  3   1008  3   1009  3   1010  3
  1011  3   1012  3   1013  3   1014  3   1015  3
  1016  3   1017  3   1018  3   1019  3   1020  3
  1021  3   1022  3   1023  3   1024  3   1025  3
  1026  3   1027  3   1028  3   1029  3   1030  3
  1031  3   1032  3   1033  3   1034  3   1035  3
  1036  3   1037  3   1038  3   1039  3   1040  3
  1041  3   1042  3   1043  3   1044  3   1045  3
  1046  3   1047  3   1048  3   1049  3   1050  3
  1051  3   1052  3   1053  3   1054  3   1055  3
  1056  3   1057  3   1058  3   1059  3   1060  3
  1061  3   1062  3   1063  3   1064  3   1065  3
  1066  3   1067  3   1068  3   1069  3   1070  3
  1071  3   1072  3   1073  3   1074  3   1075  3
  1076  3   1077  3   1078  3   1079  3   1080  3
  1081  3   1082  3   1083  3   1084  3   1085  3
  1086  3   1087  3   1088  3   1089  3   1090  3
  1091  3   1092  3   1093  3   1094  3   1095  3
  1096  3   1097  3   1098  3   1099  3   1100  3
  1101  3   1102  3   1103  3   1104  3   1105  3
  1106  3   1107  3   1108  3   1109  3   1110  3
  1111  3   1112  3   1113  3   1114  3   1115  3
  1116  3   1117  3   1118  3   1119  3   1120  3
  1121  3   1122  3   1123  3   1124  3   1125  3
  1126  3   1127  3   1128  3   1129  3   1130  3
  1131  3   1132  3   1133  3   1134  3   1135  3
  1136  3   1137  3   1138  3   1139  3   1140  3
  1141  3   1142  3   1143  3   1144  3   1145  3
  1146  3   1147  3   1148  3   1149  3   1150  3
  1151  3   1152  3   1153  3   1154  3   1155  0
  1156  4   1157  4   1158  4   1159  4   1160  4
  1161  4   1162  4   1163  4   1164  4   1165  4
  1166  4   1167  4   1168  4   1169  4   1170  4
  1171  4   1172  4   1173  4   1174  4   1175  4
  1176  4   1177  4   1178  4   1179  4   1180  4
  1181  4   1182  4   1183  4   1184  4   1185  4
  1186  4   1187  4   1188  4   1189  4   1190  4
  1191  4   1192  4   1193  4   1194  4   1195  4
  1196  4   1197  4   1198  4   1199  4   1200  4
  1201  4   1202  4   1203  4   1204  4   1205  4
  1206  4   1207  4   1208  4   1209  4   1210  4
  1211  4   1212  4   1213  4   1214  4   1215  4
  1216  4   1217  4   1218  4   1219  4   1220  4
  1221  4   1222  4   1223  4   1224  4   1225  4
  1226  4   1227  4   1228  4   1229  4   1230  4
  1231  4   1232  4   1233  4   1234  4   1235  4
  1236  4   1237  4   1238  4   1239  4   1240  4
  1241  4   1242  4   1243  4   1244  4   1245  4
  1246  4   1247  4   1248  4   1249  4   1250  4
  1251  4   1252  4   1253  4   1254  4   1255  4
  1256  4   1257  4   1258  4   1259  4   1260  4
  1261  4   1262  4   1263  4   1264  4   1265  4
  1266  4   1267  4   1268  4   1269  4   1270  4
  1271  4   1272  4   1273  4   1274  4   1275  4
  1276  4   1277  4   1278  4   1279  4   1280  4
  1281  4   1282  4   1283  4   1284  4   1285  4
  1286  4   1287  4   1288  4   1289  4   1290  4
  1291  4   1292  4   1293  4   1294  4   1295  4
  1296  4   1297  4   1298  4   1299  4   1300  4
  1301  4   1302  4   1303  4   1304  4   1305  4
  1306  4   1307  4   1308  4   1309  4   1310  4
  1311  4   1312  4   1313  4   1314  4   1315  4
  1316  4   1317  4   1318  4   1319  4   1320  4
  1321  4   1322  4   1323  4   1324  4   1325  4
  1326  4   1327  4   1328  4   1329  4   1330  4
  1331  4   1332  4   1333  4   1334  4   1335  4
  1336  4   1337  4   1338  4   1339  4   1340  4
  1341  4   1342  4   1343  4   1344  4   1345  4
  1346  4   1347  4   1348  4   1349  4   1350  4
  1351  4   1352  4   1353  4   1354  4   1355  4
  1356  4   1357  4   1358  4   1359  4   1360  4
  1361  4   1362  4   1363  4   1364  4   1365  4
  1366  4   1367  4   1368  4   1369  4   1370  4
  1371  4   1372  4   1373  4   1374  4   1375  4
  1376  4   1377  4   1378  4   1379  4   1380  4
  1381  4   1382  4   1383  4   1384  4   1385  4
  1386  4   1387  4   1388  4   1389  4   1390  4
  1391  4   1392  4   1393  4   1394  4   1395  4
  1396  4   1397  4   1398  4   1399  4   1400  4
  1401  4   1402  4   1403  4   1404  4   1405  4
  1406  4   1407  4   1408  4   1409  4   1410  4
  1411  4   1412  4   1413  4   1414  4   1415  4
  1416  4   1417  4   1418  4   1419  4   1420  4
  1421  4   1422  4   1423  4   1424  4   1425  4
  1426  4   1427  4   1428  4   1429  4   1430  4
  1431  4   1432  4   1433  4   1434  4   1435  4
  1436  4   1437  4   1438  4   1439  4   1440  4
  1441  4   1442  4   1443  4   1444  4   1445  4
  1446  4   1447  4   1448  4   1449  4   1450  4
  1451  4   1452  4   1453  4   1454  4   1455  4
  1456  4   1457  4   1458  4   1459  4   1460  4
  1461  4   1462  4   1463  4   1464  4   1465  4
  1466  4   1467  4   1468  4   1469  4   1470  4
  1471  4   1472  4   1473  4   1474  4   1475  4
  1476  4   1477  4   1478  4   1479  4   1480  4
  1481  4   1482  4   1483  4   1484  4   1485  4
  1486  4   1487  4   1488  4   1489  4   1490  4
  1491  4   1492  4   1493  4   1494  4   1495  4
  1496  4   1497  4   1498  4   1499  4   1500  4
  1501  4   1502  4   1503  4   1504  4   1505  4
  1506  4   1507  4   1508  4   1509  4   1510  4
  1511  4   1512  4   1513  4   1514  4   1515  4
  1516  4   1517  4   1518  4   1519  4   1520  4
  1521  4   1522  4   1523  4   1524  4   1525  4
  1526  4   1527  4   1528  4   1529  4   1530  4
  1531  4   1532  4   1533  4   1534  4   1535  4
  1536  4   1537  4   1538  4   1539  4   1540  4
  1541  4   1542  4   1543  4   1544  4   1545  4
  1546  4   1547  4   1548  4   1549  4   1550  4
  1551  4   1552  4   1553  4   1554  4   1555  4
  1556  4   1557  4   1558  4   1559  4   1560  4
  1561  4   1562  4   1563  4   1564  4   1565  4
  1566  4   1567  4   1568  4   1569  4   1570  4
  1571  4   1572  4   1573  4   1574  4   1575  4
  1576  4   1577  4   1578  4   1579  4   1580  4
  1581  4   1582  4   1583  4   1584  4   1585  4
  1586  4   1587  4   1588  4   1589  4   1590  4
  1591  4   1592  4   1593  4   1594  4   1595  4
  1596  4   1597  4   1598  4   1599  4   1600  4
  1601  4   1602  4   1603  4   1604  4   1605  4
  1606  4   1607  4   1608  4   1609  4   1610  4
  1611  4   1612  4   1613  4   1614  4   1615  4
  1616  4   1617  4   1618  4   1619  4   1620  4
  1621  4   1622  4   1623  4   1624  4   1625  4
  1626  4   1627  4   1628  4   1629  4   1630  4
  1631  4   1632  4   1633  4   1634  4   1635  4
  1636  4   1637  4   1638  4   1639  4   1640  4
  1641  4   1642  4   1643  4   1644  4   1645  4
  1646  4   1647  4   1648  4   1649  4   1650  4
  1651  4   1652  4   1653  4   1654  4   1655  4
  1656  4   1657  4   1658  4   1659  4   1660  4
  1661  4   1662  4   1663  4   1664  4   1665  4
  1666  4   1667  4   1668  4   1669  4   1670  4
  1671  4   1672  4   1673  4   1674  4   1675  4
  1676  4   1677  4   1678  4   1679  4   1680  4
  1681  4   1682  4   1683  4   1684  4   1685  4
  1686  4   1687  4   1688  4   1689  4   1690  4
  1691  4   1692  4   1693  4   1694  4   1695  4
  1696  4   1697  4   1698  4   1699  4   1700  4
  1701  4   1702  4   1703  4   1704  4   1705  4
  1706  4   1707  4   1708  4   1709  4   1710  4
  1711  4   1712  4   1713  4   1714  4   1715  4
  1716  4   1717  4   1718  4   1719  4   1720  4
  1721  4   1722  4   1723  4   1724  4   1725  4
  1726  4   1727  4   1728  4   1729  4   1730  4
  1731  4   1732  0   1733  5   1734  5   1735  5
  1736  5   1737  5   1738  5   1739  5   1740  5
  1741  5   1742  5   1743  5   1744  5   1745  5
  1746  5   1747  5   1748  5   1749  5   1750  5
  1751  5   1752  5   1753  5   1754  5   1755  5
  1756  5   1757  5   1758  5   1759  5   1760  5
  1761  5   1762  5   1763  5   1764  5   1765  5
  1766  5   1767  5   1768  5   1769  5   1770  5
  1771  5   1772  5   1773  5   1774  5   1775  5
  1776  5   1777  5   1778  5   1779  5   1780  5
  1781  5   1782  5   1783  5   1784  5   1785  5
  1786  5   1787  5   1788  5   1789  5   1790  5
  1791  5   1792  5   1793  5   1794  5   1795  5
  1796  5   1797  5   1798  5   1799  5   1800  5
  1801  5   1802  5   1803  5   1804  5   1805  5
  1806  5   1807  5   1808  5   1809  5   1810  5
  1811  5   1812  5   1813  5   1814  5   1815  5
  1816  5   1817  5   1818  5   1819  5   1820  5
  1821  5   1822  5   1823  5   1824  5   1825  5
  1826  5   1827  5   1828  5   1829  5   1830  5
  1831  5   1832  5   1833  5   1834  5   1835  5
  1836  5   1837  5   1838  5   1839  5   1840  5
  1841  5   1842  5   1843  5   1844  5   1845  5
  1846  5   1847  5   1848  5   1849  5   1850  5
  1851  5   1852  5   1853  5   1854  5   1855  5
  1856  5   1857  5   1858  5   1859  5   1860  5
  1861  5   1862  5   1863  5   1864  5   1865  5
  1866  5   1867  5   1868  5   1869  5   1870  5
  1871  5   1872  5   1873  5   1874  5   1875  5
  1876  5   1877  5   1878  5   1879  5   1880  5
  1881  5   1882  5   1883  5   1884  5   1885  5
  1886  5   1887  5   1888  5   1889  5   1890  5
  1891  5   1892  5   1893  5   1894  5   1895  5
  1896  5   1897  5   1898  5   1899  5   1900  5
  1901  5   1902  5   1903  5   1904  5   1905  5
  1906  5   1907  5   1908  5   1909  5   1910  5
  1911  5   1912  5   1913  5   1914  5   1915  5
  1916  5   1917  5   1918  5   1919  5   1920  5
  1921  5   1922  5   1923  5   1924  5   1925  5
  1926  5   1927  5   1928  5   1929  5   1930  5
  1931  5   1932  5   1933  5   1934  5   1935  5
  1936  5   1937  5   1938  5   1939  5   1940  5
  1941  5   1942  5   1943  5   1944  5   1945  5
  1946  5   1947  5   1948  5   1949  5   1950  5
  1951  5   1952  5   1953  5   1954  5   1955  5
  1956  5   1957  5   1958  5   1959  5   1960  5
  1961  5   1962  5   1963  5   1964  5   1965  5
  1966  5   1967  5   1968  5   1969  5   1970  5
  1971  5   1972  5   1973  5   1974  5   1975  5
  1976  5   1977  5   1978  5   1979  5   1980  5
  1981  5   1982  5   1983  5   1984  5   1985  5
  1986  5   1987  5   1988  5   1989  5   1990  5
  1991  5   1992  5   1993  5   1994  5   1995  5
  1996  5   1997  5   1998  5   1999  5   2000  5
  2001  5   2002  5   2003  5   2004  5   2005  5
  2006  5   2007  5   2008  5   2009  5   2010  5
  2011  5   2012  5   2013  5   2014  5   2015  5
  2016  5   2017  5   2018  5   2019  5   2020  5
  2021  5   2022  5   2023  5   2024  5   2025  5
  2026  5   2027  5   2028  5   2029  5   2030  5
  2031  5   2032  5   2033  5   2034  5   2035  5
  2036  5   2037  5   2038  5   2039  5   2040  5
  2041  5   2042  5   2043  5   2044  5   2045  5
  2046  5   2047  5   2048  5   2049  5   2050  5
  2051  5   2052  5   2053  5   2054  5   2055  5
  2056  5   2057  5   2058  5   2059  5   2060  5
  2061  5   2062  5   2063  5   2064  5   2065  5
  2066  5   2067  5   2068  5   2069  5   2070  5
  2071  5   2072  5   2073  5   2074  5   2075  5
  2076  5   2077  5   2078  5   2079  5   2080  5
  2081  5   2082  5   2083  5   2084  5   2085  5
  2086  5   2087  5   2088  5   2089  5   2090  5
  2091  5   2092  5   2093  5   2094  5   2095  5
  2096  5   2097  5   2098  5   2099  5   2100  5
  2101  5   2102  5   2103  5   2104  5   2105  5
  2106  5   2107  5   2108  5   2109  5   2110  5
  2111  5   2112  5   2113  5   2114  5   2115  5
  2116  5   2117  5   2118  5   2119  5   2120  5
  2121  5   2122  5   2123  5   2124  5   2125  5
  2126  5   2127  5   2128  5   2129  5   2130  5
  2131  5   2132  5   2133  5   2134  5   2135  5
  2136  5   2137  5   2138  5   2139  5   2140  5
  2141  5   2142  5   2143  5   2144  5   2145  5
  2146  5   2147  5   2148  5   2149  5   2150  5
  2151  5   2152  5   2153  5   2154  5   2155  5
  2156  5   2157  5   2158  5   2159  5   2160  5
  2161  5   2162  5   2163  5   2164  5   2165  5
  2166  5   2167  5   2168  5   2169  5   2170  5
  2171  5   2172  5   2173  5   2174  5   2175  5
  2176  5   2177  5   2178  5   2179  5   2180  5
  2181  5   2182  5   2183  5   2184  5   2185  5
  2186  5   2187  5   2188  5   2189  5   2190  5
  2191  5   2192  5   2193  5   2194  5   2195  5
  2196  5   2197  5   2198  5   2199  5   2200  5
  2201  5   2202  5   2203  5   2204  5   2205  5
  2206  5   2207  5   2208  5   2209  5   2210  5
  2211  5   2212  5   2213  5   2214  5   2215  5
  2216  5   2217  5   2218  5   2219  5   2220  5
  2221  5   2222  5   2223  5   2224  5   2225  5
  2226  5   2227  5   2228  5   2229  5   2230  5
  2231  5   2232  5   2233  5   2234  5   2235  5
  2236  5   2237  5   2238  5   2239  5   2240  5
  2241  5   2242  5   2243  5   2244  5   2245  5
  2246  5   2247  5   2248  5   2249  5   2250  5
  2251  5   2252  5   2253  5   2254  5   2255  5
  2256  5   2257  5   2258  5   2259  5   2260  5
  2261  5   2262  5   2263  5   2264  5   2265  5
  2266  5   2267  5   2268  5   2269  5   2270  5
  2271  5   2272  5   2273  5   2274  5   2275  5
  2276  5   2277  5   2278  5   2279  5   2280  5
  2281  5   2282  5   2283  5   2284  5   2285  5
  2286  5   2287  5   2288  5   2289  5   2290  5
  2291  5   2292  5   2293  5   2294  5   2295  5
  2296  5   2297  5   2298  5   2299  5   2300  5
  2301  5   2302  5   2303  5   2304  5   2305  5
  2306  5   2307  5   2308  5   2309  0   2310  6
  2311  6   2312  6   2313  6   2314  6   2315  6
  2316  6   2317  6   2318  6   2319  6   2320  6
  2321  6   2322  6   2323  6   2324  6   2325  6
  2326  6   2327  6   2328  6   2329  6   2330  6
  2331  6   2332  6   2333  6   2334  6   2335  6
  2336  6   2337  6   2338  6   2339  6   2340  6
  2341  6   2342  6   2343  6   2344  6   2345  6
  2346  6   2347  6   2348  6   2349  6   2350  6
  2351  6   2352  6   2353  6   2354  6   2355  6
  2356  6   2357  6   2358  6   2359  6   2360  6
  2361  6   2362  6   2363  6   2364  6   2365  6
  2366  6   2367  6   2368  6   2369  6   2370  6
  2371  6   2372  6   2373  6   2374  6   2375  6
  2376  6   2377  6   2378  6   2379  6   2380  6
  2381  6   2382  6   2383  6   2384  6   2385  6
  2386  6   2387  6   2388  6   2389  6   2390  6
  2391  6   2392  6   2393  6   2394  6   2395  6
  2396  6   2397  6   2398  6   2399  6   2400  6
  2401  6   2402  6   2403  6   2404  6   2405  6
  2406  6   2407  6   2408  6   2409  6   2410  6
  2411  6   2412  6   2413  6   2414  6   2415  6
  2416  6   2417  6   2418  6   2419  6   2420  6
  2421  6   2422  6   2423  6   2424  6   2425  6
  2426  6   2427  6   2428  6   2429  6   2430  6
  2431  6   2432  6   2433  6   2434  6   2435  6
  2436  6   2437  6   2438  6   2439  6   2440  6
  2441  6   2442  6   2443  6   2444  6   2445  6
  2446  6   2447  6   2448  6   2449  6   2450  6
  2451  6   2452  6   2453  6   2454  6   2455  6
  2456  6   2457  6   2458  6   2459  6   2460  6
  2461  6   2462  6   2463  6   2464  6   2465  6
  2466  6   2467  6   2468  6   2469  6   2470  6
  2471  6   2472  6   2473  6   2474  6   2475  6
  2476  6   2477  6   2478  6   2479  6   2480  6
  2481  6   2482  6   2483  6   2484  6   2485  6
  2486  6   2487  6   2488  6   2489  6   2490  6
  2491  6   2492  6   2493  6   2494  6   2495  6
  2496  6   2497  6   2498  6   2499  6   2500  6
  2501  6   2502  6   2503  6   2504  6   2505  6
  2506  6   2507  6   2508  6   2509  6   2510  6
  2511  6   2512  6   2513  6   2514  6   2515  6
  2516  6   2517  6   2518  6   2519  6   2520  6
  2521  6   2522  6   2523  6   2524  6   2525  6
  2526  6   2527  6   2528  6   2529  6   2530  6
  2531  6   2532  6   2533  6   2534  6   2535  6
  2536  6   2537  6   2538  6   2539  6   2540  6
  2541  6   2542  6   2543  6   2544  6   2545  6
  2546  6   2547  6   2548  6   2549  6   2550  6
  2551  6   2552  6   2553  6   2554  6   2555  6
  2556  6   2557  6   2558  6   2559  6   2560  6
  2561  6   2562  6   2563  6   2564  6   2565  6
  2566  6   2567  6   2568  6   2569  6   2570  6
  2571  6   2572  6   2573  6   2574  6   2575  6
  2576  6   2577  6   2578  6   2579  6   2580  6
  2581  6   2582  6   2583  6   2584  6   2585  6
  2586  6   2587  6   2588  6   2589  6   2590  6
  2591  6   2592  6   2593  6   2594  6   2595  6
  2596  6   2597  6   2598  6   2599  6   2600  6
  2601  6   2602  6   2603  6   2604  6   2605  6
  2606  6   2607  6   2608  6   2609  6   2610  6
  2611  6   2612  6   2613  6   2614  6   2615  6
  2616  6   2617  6   2618  6   2619  6   2620  6
  2621  6   2622  6   2623  6   2624  6   2625  6
  2626  6   2627  6   2628  6   2629  6   2630  6
  2631  6   2632  6   2633  6   2634  6   2635  6
  2636  6   2637  6   2638  6   2639  6   2640  6
  2641  6   2642  6   2643  6   2644  6   2645  6
  2646  6   2647  6   2648  6   2649  6   2650  6
  2651  6   2652  6   2653  6   2654  6   2655  6
  2656  6   2657  6   2658  6   2659  6   2660  6
  2661  6   2662  6   2663  6   2664  6   2665  6
  2666  6   2667  6   2668  6   2669  6   2670  6
  2671  6   2672  6   2673  6   2674  6   2675  6
  2676  6   2677  6   2678  6   2679  6   2680  6
  2681  6   2682  6   2683  6   2684  6   2685  6
  2686  6   2687  6   2688  6   2689  6   2690  6
  2691  6   2692  6   2693  6   2694  6   2695  6
  2696  6   2697  6   2698  6   2699  6   2700  6
  2701  6   2702  6   2703  6   2704  6   2705  6
  2706  6   2707  6   2708  6   2709  6   2710  6
  2711  6   2712  6   2713  6   2714  6   2715  6
  2716  6   2717  6   2718  6   2719  6   2720  6
  2721  6   2722  6   2723  6   2724  6   2725  6
  2726  6   2727  6   2728  6   2729  6   2730  6
  2731  6   2732  6   2733  6   2734  6   2735  6
  2736  6   2737  6   2738  6   2739  6   2740  6
  2741  6   2742  6   2743  6   2744  6   2745  6
  2746  6   2747  6   2748  6   2749  6   2750  6
  2751  6   2752  6   2753  6   2754  6   2755  6
  2756  6   2757  6   2758  6   2759  6   2760  6
  2761  6   2762  6   2763  6   2764  6   2765  6
  2766  6   2767  6   2768  6   2769  6   2770  6
  2771  6   2772  6   2773  6   2774  6   2775  6
  2776  6   2777  6   2778  6   2779  6   2780  6
  2781  6   2782  6   2783  6   2784  6   2785  6
  2786  6   2787  6   2788  6   2789  6   2790  6
  2791  6   2792  6   2793  6   2794  6   2795  6
  2796  6   2797  6   2798  6   2799  6   2800  6
  2801  6   2802  6   2803  6   2804  6   2805  6
  2806  6   2807  6   2808  6   2809  6   2810  6
  2811  6   2812  6   2813  6   2814  6   2815  6
  2816  6   2817  6   2818  6   2819  6   2820  6
  2821  6   2822  6   2823  6   2824  6   2825  6
  2826  6   2827  6   2828  6   2829  6   2830  6
  2831  6   2832  6   2833  6   2834  6   2835  6
  2836  6   2837  6   2838  6   2839  6   2840  6
  2841  6   2842  6   2843  6   2844  6   2845  6
  2846  6   2847  6   2848  6   2849  6   2850  6
  2851  6   2852  6   2853  6   2854  6   2855  6
  2856  6   2857  6   2858  6   2859  6   2860  6
  2861  6   2862  6   2863  6   2864  6   2865  6
  2866  6   2867  6   2868  6   2869  6   2870  6
  2871  6   2872  6   2873  6   2874  6   2875  6
  2876  6   2877  6   2878  6   2879  6   2880  6
  2881  6   2882  6   2883  6   2884  6   2885  6
  2886  0   2887  7   2888  7   2889  7   2890  7
  2891  7   2892  7   2893  7   2894  7   2895  7
  2896  7   2897  7   2898  7   2899  7   2900  7
  2901  7   2902  7   2903  7   2904  7   2905  7
  2906  7   2907  7   2908  7   2909  7   2910  7
  2911  7   2912  7   2913  7   2914  7   2915  7
  2916  7   2917  7   2918  7   2919  7   2920  7
  2921  7   2922  7   2923  7   2924  7   2925  7
  2926  7   2927  7   2928  7   2929  7   2930  7
  2931  7   2932  7   2933  7   2934  7   2935  7
  2936  7   2937  7   2938  7   2939  7   2940  7
  2941  7   2942  7   2943  7   2944  7   2945  7
  2946  7   2947  7   2948  7   2949  7   2950  7
  2951  7   2952  7   2953  7   2954  7   2955  7
  2956  7   2957  7   2958  7   2959  7   2960  7
  2961  7   2962  7   2963  7   2964  7   2965  7
  2966  7   2967  7   2968  7   2969  7   2970  7
  2971  7   2972  7   2973  7   2974  7   2975  7
  2976  7   2977  7   2978  7   2979  7   2980  7
  2981  7   2982  7   2983  7   2984  7   2985  7
  2986  7   2987  7   2988  7   2989  7   2990  7
  2991  7   2992  7   2993  7   2994  7   2995  7
  2996  7   2997  7   2998  7   2999  7   3000  7
  3001  7   3002  7   3003  7   3004  7   3005  7
  3006  7   3007  7   3008  7   3009  7   3010  7
  3011  7   3012  7   3013  7   3014  7   3015  7
  3016  7   3017  7   3018  7   3019  7   3020  7
  3021  7   3022  7   3023  7   3024  7   3025  7
  3026  7   3027  7   3028  7   3029  7   3030  7
  3031  7   3032  7   3033  7   3034  7   3035  7
  3036  7   3037  7   3038  7   3039  7   3040  7
  3041  7   3042  7   3043  7   3044  7   3045  7
  3046  7   3047  7   3048  7   3049  7   3050  7
  3051  7   3052  7   3053  7   3054  7   3055  7
  3056  7   3057  7   3058  7   3059  7   3060  7
  3061  7   3062  7   3063  7   3064  7   3065  7
  3066  7   3067  7   3068  7   3069  7   3070  7
  3071  7   3072  7   3073  7   3074  7   3075  7
  3076  7   3077  7   3078  7   3079  7   3080  7
  3081  7   3082  7   3083  7   3084  7   3085  7
  3086  7   3087  7   3088  7   3089  7   3090  7
  3091  7   3092  7   3093  7   3094  7   3095  7
  3096  7   3097  7   3098  7   3099  7   3100  7
  3101  7   3102  7   3103  7   3104  7   3105  7
  3106  7   3107  7   3108  7   3109  7   3110  7
  3111  7   3112  7   3113  7   3114  7   3115  7
  3116  7   3117  7   3118  7   3119  7   3120  7
  3121  7   3122  7   3123  7   3124  7   3125  7
  3126  7   3127  7   3128  7   3129  7   3130  7
  3131  7   3132  7   3133  7   3134  7   3135  7
  3136  7   3137  7   3138  7   3139  7   3140  7
  3141  7   3142  7   3143  7   3144  7   3145  7
  3146  7   3147  7   3148  7   3149  7   3150  7
  3151  7   3152  7   3153  7   3154  7   3155  7
  3156  7   3157  7   3158  7   3159  7   3160  7
  3161  7   3162  7   3163  7   3164  7   3165  7
  3166  7   3167  7   3168  7   3169  7   3170  7
  3171  7   3172  7   3173  7   3174  7   3175  7
  3176  7   3177  7   3178  7   3179  7   3180  7
  3181  7   3182  7   3183  7   3184  7   3185  7
  3186  7   3187  7   3188  7   3189  7   3190  7
  3191  7   3192  7   3193  7   3194  7   3195  7
  3196  7   3197  7   3198  7   3199  7   3200  7
  3201  7   3202  7   3203  7   3204  7   3205  7
  3206  7   3207  7   3208  7   3209  7   3210  7
  3211  7   3212  7   3213  7   3214  7   3215  7
  3216  7   3217  7   3218  7   3219  7   3220  7
  3221  7   3222  7   3223  7   3224  7   3225  7
  3226  7   3227  7   3228  7   3229  7   3230  7
  3231  7   3232  7   3233  7   3234  7   3235  7
  3236  7   3237  7   3238  7   3239  7   3240  7
  3241  7   3242  7   3243  7   3244  7   3245  7
  3246  7   3247  7   3248  7   3249  7   3250  7
  3251  7   3252  7   3253  7   3254  7   3255  7
  3256  7   3257  7   3258  7   3259  7   3260  7
  3261  7   3262  7   3263  7   3264  7   3265  7
  3266  7   3267  7   3268  7   3269  7   3270  7
  3271  7   3272  7   3273  7   3274  7   3275  7
  3276  7   3277  7   3278  7   3279  7   3280  7
  3281  7   3282  7   3283  7   3284  7   3285  7
  3286  7   3287  7   3288  7   3289  7   3290  7
  3291  7   3292  7   3293  7   3294  7   3295  7
  3296  7   3297  7   3298  7   3299  7   3300  7
  3301  7   3302  7   3303  7   3304  7   3305  7
  3306  7   3307  7   3308  7   3309  7   3310  7
  3311  7   3312  7   3313  7   3314  7   3315  7
  3316  7   3317  7   3318  7   3319  7   3320  7
  3321  7   3322  7   3323  7   3324  7   3325  7
  3326  7   3327  7   3328  7   3329  7   3330  7
  3331  7   3332  7   3333  7   3334  7   3335  7
  3336  7   3337  7   3338  7   3339  7   3340  7
  3341  7   3342  7   3343  7   3344  7   3345  7
  3346  7   3347  7   3348  7   3349  7   3350  7
  3351  7   3352  7   3353  7   3354  7   3355  7
  3356  7   3357  7   3358  7   3359  7   3360  7
  3361  7   3362  7   3363  7   3364  7   3365  7
  3366  7   3367  7   3368  7   3369  7   3370  7
  3371  7   3372  7   3373  7   3374  7   3375  7
  3376  7   3377  7   3378  7   3379  7   3380  7
  3381  7   3382  7   3383  7   3384  7   3385  7
  3386  7   3387  7   3388  7   3389  7   3390  7
  3391  7   3392  7   3393  7   3394  7   3395  7
  3396  7   3397  7   3398  7   3399  7   3400  7
  3401  7   3402  7   3403  7   3404  7   3405  7
  3406  7   3407  7   3408  7   3409  7   3410  7
  3411  7   3412  7   3413  7   3414  7   3415  7
  3416  7   3417  7   3418  7   3419  7   3420  7
  3421  7   3422  7   3423  7   3424  7   3425  7
  3426  7   3427  7   3428  7   3429  7   3430  7
  3431  7   3432  7   3433  7   3434  7   3435  7
  3436  7   3437  7   3438  7   3439  7   3440  7
  3441  7   3442  7   3443  7   3444  7   3445  7
  3446  7   3447  7   3448  7   3449  7   3450  7
  3451  7   3452  7   3453  7   3454  7   3455  7
  3456  7   3457  7   3458  7   3459  7   3460  7
  3461  7   3462  7   3463  0   3464  8   3465  8
  3466  8   3467  8   3468  8   3469  8   3470  8
  3471  8   3472  8   3473  8   3474  8   3475  8
  3476  8   3477  8   3478  8   3479  8   3480  8
  3481  8   3482  8   3483  8   3484  8   3485  8
  3486  8   3487  8   3488  8   3489  8   3490  8
  3491  8   3492  8   3493  8   3494  8   3495  8
  3496  8   3497  8   3498  8   3499  8   3500  8
  3501  8   3502  8   3503  8   3504  8   3505  8
  3506  8   3507  8   3508  8   3509  8   3510  8
  3511  8   3512  8   3513  8   3514  8   3515  8
  3516  8   3517  8   3518  8   3519  8   3520  8
  3521  8   3522  8   3523  8   3524  8   3525  8
  3526  8   3527  8   3528  8   3529  8   3530  8
  3531  8   3532  8   3533  8   3534  8   3535  8
  3536  8   3537  8   3538  8   3539  8   3540  8
  3541  8   3542  8   3543  8   3544  8   3545  8
  3546  8   3547  8   3548  8   3549  8   3550  8
  3551  8   3552  8   3553  8   3554  8   3555  8
  3556  8   3557  8   3558  8   3559  8   3560  8
  3561  8   3562  8   3563  8   3564  8   3565  8
  3566  8   3567  8   3568  8   3569  8   3570  8
  3571  8   3572  8   3573  8   3574  8   3575  8
  3576  8   3577  8   3578  8   3579  8   3580  8
  3581  8   3582  8   3583  8   3584  8   3585  8
  3586  8   3587  8   3588  8   3589  8   3590  8
  3591  8   3592  8   3593  8   3594  8   3595  8
  3596  8   3597  8   3598  8   3599  8   3600  8
  3601  8   3602  8   3603  8   3604  8   3605  8
  3606  8   3607  8   3608  8   3609  8   3610  8
  3611  8   3612  8   3613  8   3614  8   3615  8
  3616  8   3617  8   3618  8   3619  8   3620  8
  3621  8   3622  8   3623  8   3624  8   3625  8
  3626  8   3627  8   3628  8   3629  8   3630  8
  3631  8   3632  8   3633  8   3634  8   3635  8
  3636  8   3637  8   3638  8   3639  8   3640  8
  3641  8   3642  8   3643  8   3644  8   3645  8
  3646  8   3647  8   3648  8   3649  8   3650  8
  3651  8   3652  8   3653  8   3654  8   3655  8
  3656  8   3657  8   3658  8   3659  8   3660  8
  3661  8   3662  8   3663  8   3664  8   3665  8
  3666  8   3667  8   3668  8   3669  8   3670  8
  3671  8   3672  8   3673  8   3674  8   3675  8
  3676  8   3677  8   3678  8   3679  8   3680  8
  3681  8   3682  8   3683  8   3684  8   3685  8
  3686  8   3687  8   3688  8   3689  8   3690  8
  3691  8   3692  8   3693  8   3694  8   3695  8
  3696  8   3697  8   3698  8   3699  8   3700  8
  3701  8   3702  8   3703  8   3704  8   3705  8
  3706  8   3707  8   3708  8   3709  8   3710  8
  3711  8   3712  8   3713  8   3714  8   3715  8
  3716  8   3717  8   3718  8   3719  8   3720  8
  3721  8   3722  8   3723  8   3724  8   3725  8
  3726  8   3727  8   3728  8   3729  8   3730  8
  3731  8   3732  8   3733  8   3734  8   3735  8
  3736  8   3737  8   3738  8   3739  8   3740  8
  3741  8   3742  8   3743  8   3744  8   3745  8
  3746  8   3747  8   3748  8   3749  8   3750  8
  3751  8   3752  8   3753  8   3754  8   3755  8
  3756  8   3757  8   3758  8   3759  8   3760  8
  3761  8   3762  8   3763  8   3764  8   3765  8
  3766  8   3767  8   3768  8   3769  8   3770  8
  3771  8   3772  8   3773  8   3774  8   3775  8
  3776  8   3777  8   3778  8   3779  8   3780  8
  3781  8   3782  8   3783  8   3784  8   3785  8
  3786  8   3787  8   3788  8   3789  8   3790  8
  3791  8   3792  8   3793  8   3794  8   3795  8
  3796  8   3797  8   3798  8   3799  8   3800  8
  3801  8   3802  8   3803  8   3804  8   3805  8
  3806  8   3807  8   3808  8   3809  8   3810  8
  3811  8   3812  8   3813  8   3814  8   3815  8
  3816  8   3817  8   3818  8   3819  8   3820  8
  3821  8   3822  8   3823  8   3824  8   3825  8
  3826  8   3827  8   3828  8   3829  8   3830  8
  3831  8   3832  8   3833  8   3834  8   3835  8
  3836  8   3837  8   3838  8   3839  8   3840  8
  3841  8   3842  8   3843  8   3844  8   3845  8
  3846  8   3847  8   3848  8   3849  8   3850  8
  3851  8   3852  8   3853  8   3854  8   3855  8
  3856  8   3857  8   3858  8   3859  8   3860  8
  3861  8   3862  8   3863  8   3864  8   3865  8
  3866  8   3867  8   3868  8   3869  8   3870  8
  3871  8   3872  8   3873  8   3874  8   3875  8
  3876  8   3877  8   3878  8   3879  8   3880  8
  3881  8   3882  8   3883  8   3884  8   3885  8
  3886  8   3887  8   3888  8   3889  8   3890  8
  3891  8   3892  8   3893  8   3894  8   3895  8
  3896  8   3897  8   3898  8   3899  8   3900  8
  3901  8   3902  8   3903  8   3904  8   3905  8
  3906  8   3907  8   3908  8   3909  8   3910  8
  3911  8   3912  8   3913  8   3914  8   3915  8
  3916  8   3917  8   3918  8   3919  8   3920  8
  3921  8   3922  8   3923  8   3924  8   3925  8
  3926  8   3927  8   3928  8   3929  8   3930  8
  3931  8   3932  8   3933  8   3934  8   3935  8
  3936  8   3937  8   3938  8   3939  8   3940  8
  3941  8   3942  8   3943  8   3944  8   3945  8
  3946  8   3947  8   3948  8   3949  8   3950  8
  3951  8   3952  8   3953  8   3954  8   3955  8
  3956  8   3957  8   3958  8   3959  8   3960  8
  3961  8   3962  8   3963  8   3964  8   3965  8
  3966  8   3967  8   3968  8   3969  8   3970  8
  3971  8   3972  8   3973  8   3974  8   3975  8
  3976  8   3977  8   3978  8   3979  8   3980  8
  3981  8   3982  8   3983  8   3984  8   3985  8
  3986  8   3987  8   3988  8   3989  8   3990  8
  3991  8   3992  8   3993  8   3994  8   3995  8
  3996  8   3997  8   3998  8   3999  8   4000  8
  4001  8   4002  8   4003  8   4004  8   4005  8
  4006  8   4007  8   4008  8   4009  8   4010  8
  4011  8   4012  8   4013  8   4014  8   4015  8
  4016  8   4017  8   4018  8   4019  8   4020  8
  4021  8   4022  8   4023  8   4024  8   4025  8
  4026  8   4027  8   4028  8   4029  8   4030  8
  4031  8   4032  8   4033  8   4034  8   4035  8
  4036  8   4037  8   4038  8   4039  8   4040  0
  4041  9   4042  9   4043  9   4044  9   4045  9
  4046  9   4047  9   4048  9   4049  9   4050  9
  4051  9   4052  9   4053  9   4054  9   4055  9
  4056  9   4057  9   4058  9   4059  9   4060  9
  4061  9   4062  9   4063  9   4064  9   4065  9
  4066  9   4067  9   4068  9   4069  9   4070  9
  4071  9   4072  9   4073  9   4074  9   4075  9
  4076  9   4077  9   4078  9   4079  9   4080  9
  4081  9   4082  9   4083  9   4084  9   4085  9
  4086  9   4087  9   4088  9   4089  9   4090  9
  4091  9   4092  9   4093  9   4094  9   4095  9
  4096  9   4097  9   4098  9   4099  9   4100  9
  4101  9   4102  9   4103  9   4104  9   4105  9
  4106  9   4107  9   4108  9   4109  9   4110  9
  4111  9   4112  9   4113  9   4114  9   4115  9
  4116  9   4117  9   4118  9   4119  9   4120  9
  4121  9   4122  9   4123  9   4124  9   4125  9
  4126  9   4127  9   4128  9   4129  9   4130  9
  4131  9   4132  9   4133  9   4134  9   4135  9
  4136  9   4137  9   4138  9   4139  9   4140  9
  4141  9   4142  9   4143  9   4144  9   4145  9
  4146  9   4147  9   4148  9   4149  9   4150  9
  4151  9   4152  9   4153  9   4154  9   4155  9
  4156  9   4157  9   4158  9   4159  9   4160  9
  4161  9   4162  9   4163  9   4164  9   4165  9
  4166  9   4167  9   4168  9   4169  9   4170  9
  4171  9   4172  9   4173  9   4174  9   4175  9
  4176  9   4177  9   4178  9   4179  9   4180  9
  4181  9   4182  9   4183  9   4184  9   4185  9
  4186  9   4187  9   4188  9   4189  9   4190  9
  4191  9   4192  9   4193  9   4194  9   4195  9
  4196  9   4197  9   4198  9   4199  9   4200  9
  4201  9   4202  9   4203  9   4204  9   4205  9
  4206  9   4207  9   4208  9   4209  9   4210  9
  4211  9   4212  9   4213  9   4214  9   4215  9
  4216  9   4217  9   4218  9   4219  9   4220  9
  4221  9   4222  9   4223  9   4224  9   4225  9
  4226  9   4227  9   4228  9   4229  9   4230  9
  4231  9   4232  9   4233  9   4234  9   4235  9
  4236  9   4237  9   4238  9   4239  9   4240  9
  4241  9   4242  9   4243  9   4244  9   4245  9
  4246  9   4247  9   4248  9   4249  9   4250  9
  4251  9   4252  9   4253  9   4254  9   4255  9
  4256  9   4257  9   4258  9   4259  9   4260  9
  4261  9   4262  9   4263  9   4264  9   4265  9
  4266  9   4267  9   4268  9   4269  9   4270  9
  4271  9   4272  9   4273  9   4274  9   4275  9
  4276  9   4277  9   4278  9   4279  9   4280  9
  4281  9   4282  9   4283  9   4284  9   4285  9
  4286  9   4287  9   4288  9   4289  9   4290  9
  4291  9   4292  9   4293  9   4294  9   4295  9
  4296  9   4297  9   4298  9   4299  9   4300  9
  4301  9   4302  9   4303  9   4304  9   4305  9
  4306  9   4307  9   4308  9   4309  9   4310  9
  4311  9   4312  9   4313  9   4314  9   4315  9
  4316  9   4317  9   4318  9   4319  9   4320  9
  4321  9   4322  9   4323  9   4324  9   4325  9
  4326  9   4327  9   4328  9   4329  9   4330  9
  4331  9   4332  9   4333  9   4334  9   4335  9
  4336  9   4337  9   4338  9   4339  9   4340  9
  4341  9   4342  9   4343  9   4344  9   4345  9
  4346  9   4347  9   4348  9   4349  9   4350  9
  4351  9   4352  9   4353  9   4354  9   4355  9
  4356  9   4357  9   4358  9   4359  9   4360  9
  4361  9   4362  9   4363  9   4364  9   4365  9
  4366  9   4367  9   4368  9   4369  9   4370  9
  4371  9   4372  9   4373  9   4374  9   4375  9
  4376  9   4377  9   4378  9   4379  9   4380  9
  4381  9   4382  9   4383  9   4384  9   4385  9
  4386  9   4387  9   4388  9   4389  9   4390  9
  4391  9   4392  9   4393  9   4394  9   4395  9
  4396  9   4397  9   4398  9   4399  9   4400  9
  4401  9   4402  9   4403  9   4404  9   4405  9
  4406  9   4407  9   4408  9   4409  9   4410  9
  4411  9   4412  9   4413  9   4414  9   4415  9
  4416  9   4417  9   4418  9   4419  9   4420  9
  4421  9   4422  9   4423  9   4424  9   4425  9
  4426  9   4427  9   4428  9   4429  9   4430  9
  4431  9   4432  9   4433  9   4434  9   4435  9
  4436  9   4437  9   4438  9   4439  9   4440  9
  4441  9   4442  9   4443  9   4444  9   4445  9
  4446  9   4447  9   4448  9   4449  9   4450  9
  4451  9   4452  9   4453  9   4454  9   4455  9
  4456  9   4457  9   4458  9   4459  9   4460  9
  4461  9   4462  9   4463  9   4464  9   4465  9
  4466  9   4467  9   4468  9   4469  9   4470  9
  4471  9   4472  9   4473  9   4474  9   4475  9
  4476  9   4477  9   4478  9   4479  9   4480  9
  4481  9   4482  9   4483  9   4484  9   4485  9
  4486  9   4487  9   4488  9   4489  9   4490  9
  4491  9   4492  9   4493  9   4494  9   4495  9
  4496  9   4497  9   4498  9   4499  9   4500  9
  4501  9   4502  9   4503  9   4504  9   4505  9
  4506  9   4507  9   4508  9   4509  9   4510  9
  4511  9   4512  9   4513  9   4514  9   4515  9
  4516  9   4517  9   4518  9   4519  9   4520  9
  4521  9   4522  9   4523  9   4524  9   4525  9
  4526  9   4527  9   4528  9   4529  9   4530  9
  4531  9   4532  9   4533  9   4534  9   4535  9
  4536  9   4537  9   4538  9   4539  9   4540  9
  4541  9   4542  9   4543  9   4544  9   4545  9
  4546  9   4547  9   4548  9   4549  9   4550  9
  4551  9   4552  9   4553  9   4554  9   4555  9
  4556  9   4557  9   4558  9   4559  9   4560  9
  4561  9   4562  9   4563  9   4564  9   4565  9
  4566  9   4567  9   4568  9   4569  9   4570  9
  4571  9   4572  9   4573  9   4574  9   4575  9
  4576  9   4577  9   4578  9   4579  9   4580  9
  4581  9   4582  9   4583  9   4584  9   4585  9
  4586  9   4587  9   4588  9   4589  9   4590  9
  4591  9   4592  9   4593  9   4594  9   4595  9
  4596  9   4597  9   4598  9   4599  9   4600  9
  4601  9   4602  9   4603  9   4604  9   4605  9
  4606  9   4607  9   4608  9   4609  9   4610  9
  4611  9   4612  9   4613  9   4614  9   4615  9
  4616  9   4617  0   4618  0   4619  0   4620 10
  4621 10   4622 10   4623 10   4624 10   4625 10
  4626 10   4627 10   4628 10   4629 10   4630 10
  4631 10   4632 10   4633 10   4634 10   4635 10
  4636 10   4637 10   4638 10   4639 10   4640 10
  4641 10   4642 10   4643 10   4644 10   4645 10
  4646 10   4647 10   4648 10   4649 10   4650 10
  4651 10   4652 10   4653 10   4654 10   4655 10
  4656 10   4657 10   4658 10   4659 10   4660 10
  4661 10   4662 10   4663 10   4664 10   4665 10
  4666 10   4667 10   4668 10   4669 10   4670 10
  4671 10   4672 10   4673 10   4674 10   4675 10
  4676 10   4677 10   4678 10   4679 10   4680 10
  4681 10   4682 10   4683 10   4684 10   4685 10
  4686 10   4687 10   4688 10   4689 10   4690 10
  4691 10   4692 10   4693 10   4694 10   4695 10
  4696 10   4697 10   4698 10   4699 10   4700 10
  4701 10   4702 10   4703 10   4704 10   4705 10
  4706 10   4707 10   4708 10   4709 10   4710 10
  4711 10   4712 10   4713 10   4714 10   4715 10
  4716 10   4717 10   4718 10   4719 10   4720 10
  4721 10   4722 10   4723 10   4724 10   4725 10
  4726 10   4727 10   4728 10   4729 10   4730 10
  4731 10   4732 10   4733 10   4734 10   4735 10
  4736 10   4737 10   4738 10   4739 10   4740 10
  4741 10   4742 10   4743 10   4744 10   4745 10
  4746 10   4747 10   4748 10   4749 10   4750 10
  4751 10   4752 10   4753 10   4754 10   4755 10
  4756 10   4757 10   4758 10   4759 10   4760 10
  4761 10   4762 10   4763 10   4764 10   4765 10
  4766 10   4767 10   4768 10   4769 10   4770 10
  4771 10   4772 10   4773 10   4774 10   4775 10
  4776 10   4777 10   4778 10   4779 10   4780 10
  4781 10   4782 10   4783 10   4784 10   4785 10
  4786 10   4787 10   4788 10   4789 10   4790 10
  4791 10   4792 10   4793 10   4794 10   4795 10
  4796 10   4797 10   4798 10   4799 10   4800 10
  4801 10   4802 10   4803 10   4804 10   4805 10
  4806 10   4807 10   4808 10   4809 10   4810 10
  4811 10   4812 10   4813 10   4814 10   4815 10
  4816 10   4817 10   4818 10   4819 10   4820 10
  4821 10   4822 10   4823 10   4824 10   4825 10
  4826 10   4827 10   4828 10   4829 10   4830 10
  4831 10   4832 10   4833 10   4834 10   4835 10
  4836 10   4837 10   4838 10   4839 10   4840 10
  4841 10   4842 10   4843 10   4844 10   4845 10
  4846 10   4847 10   4848 10   4849 10   4850 10
  4851 10   4852 10   4853 10   4854 10   4855 10
  4856 10   4857 10   4858 10   4859 10   4860 10
  4861 10   4862 10   4863 10   4864 10   4865 10
  4866 10   4867 10   4868 10   4869 10   4870 10
  4871 10   4872 10   4873 10   4874 10   4875 10
  4876 10   4877 10   4878 10   4879 10   4880 10
  4881 10   4882 10   4883 10   4884 10   4885 10
  4886 10   4887 10   4888 10   4889 10   4890 10
  4891 10   4892 10   4893 10   4894 10   4895 10
  4896 10   4897 10   4898 10   4899 10   4900 10
  4901 10   4902 10   4903 10   4904 10   4905 10
  4906 10   4907 10   4908 10   4909 10   4910 10
  4911 10   4912 10   4913 10   4914 10   4915 10
  4916 10   4917 10   4918 10   4919 10   4920 10
  4921 10   4922 10   4923 10   4924 10   4925 10
  4926 10   4927 10   4928 10   4929 10   4930 10
  4931 10   4932 10   4933 10   4934 10   4935 10
  4936 10   4937 10   4938 10   4939 10   4940 10
  4941 10   4942 10   4943 10   4944 10   4945 10
  4946 10   4947 10   4948 10   4949 10   4950 10
  4951 10   4952 10   4953 10   4954 10   4955 10
  4956 10   4957 10   4958 10   4959 10   4960 10
  4961 10   4962 10   4963 10   4964 10   4965 10
  4966 10   4967 10   4968 10   4969 10   4970 10
  4971 10   4972 10   4973 10   4974 10   4975 10
  4976 10   4977 10   4978 10   4979 10   4980 10
  4981 10   4982 10   4983 10   4984 10   4985 10
  4986 10   4987 10   4988 10   4989 10   4990 10
  4991 10   4992 10   4993 10   4994 10   4995 10
  4996 10   4997 10   4998 10   4999 10   5000 10
  5001 10   5002 10   5003 10   5004 10   5005 10
  5006 10   5007 10   5008 10   5009 10   5010 10
  5011 10   5012 10   5013 10   5014 10   5015 10
  5016 10   5017 10   5018 10   5019 10   5020 10
  5021 10   5022 10   5023 10   5024 10   5025 10
  5026 10   5027 10   5028 10   5029 10   5030 10
  5031 10   5032 10   5033 10   5034 10   5035 10
  5036 10   5037 10   5038 10   5039 10   5040 10
  5041 10   5042 10   5043 10   5044 10   5045 10
  5046 10   5047 10   5048 10   5049 10   5050 10
  5051 10   5052 10   5053 10   5054 10   5055 10
  5056 10   5057 10   5058 10   5059 10   5060 10
  5061 10   5062 10   5063 10   5064 10   5065 10
  5066 10   5067 10   5068 10   5069 10   5070 10
  5071 10   5072 10   5073 10   5074 10   5075 10
  5076 10   5077 10   5078 10   5079 10   5080 10
  5081 10   5082 10   5083 10   5084 10   5085 10
  5086 10   5087 10   5088 10   5089 10   5090 10
  5091 10   5092 10   5093 10   5094 10   5095 10
  5096 10   5097 10   5098 10   5099 10   5100 10
  5101 10   5102 10   5103 10   5104 10   5105 10
  5106 10   5107 10   5108 10   5109 10   5110 10
  5111 10   5112 10   5113 10   5114 10   5115 10
  5116 10   5117 10   5118 10   5119 10   5120 10
  5121 10   5122 10   5123 10   5124 10   5125 10
  5126 10   5127 10   5128 10   5129 10   5130 10
  5131 10   5132 10   5133 10   5134 10   5135 10
  5136 10   5137 10   5138 10   5139 10   5140 10
  5141 10   5142 10   5143 10   5144 10   5145 10
  5146 10   5147 10   5148 10   5149 10   5150 10
  5151 10   5152 10   5153 10   5154 10   5155 10
  5156 10   5157 10   5158 10   5159 10   5160 10
  5161 10   5162 10   5163 10   5164 10   5165 10
  5166 10   5167 10   5168 10   5169 10   5170 10
  5171 10   5172 10   5173 10   5174 10   5175 10
  5176 10   5177 10   5178 10   5179 10   5180 10
  5181 10   5182 10   5183 10   5184 10   5185 10
  5186 10   5187 10   5188 10   5189 10   5190 10
  5191 10   5192 10   5193 10
